0.025318977679498745,2.1018483392226672e-05,0.00036172716927482376,1.4886153724079886e-06,30
0.02045625859377278,1.7118142210947873e-05,0.00023313086520753605,5.241269339050208e-07,34
0.016904017607539477,6.7116264454748775e-06,0.000156805292821726,1.950701101310979e-06,38
0.014227181405477437,7.504289698843231e-06,0.00011016005428608305,6.157037006771361e-07,42
0.012142834975116874,4.809763171419873e-06,8.003220207410361e-05,3.5295481330655746e-07,46
0.010506301054734251,3.3148985513174745e-06,5.9420839575259375e-05,3.9269650891394527e-07,50
0.00918362616496115,2.0936837689458643e-06,4.523163726233466e-05,2.5776700255482674e-07,54
0.008100549659193452,5.51711648955934e-06,3.512422137297091e-05,1.4476379199439076e-07,58
0.007203285611010928,2.5131320389934486e-06,2.772981076550738e-05,3.690830959502589e-07,62
0.0064531250405811934,2.8066608287252368e-06,2.2295806927484605e-05,1.1782124410877125e-07,66
0.005814984613262381,2.0079424431634907e-06,1.8135421538448646e-05,1.090020125561121e-07,70
0.005269464512946232,2.184677415575584e-06,1.4839853553603438e-05,1.0059473044846634e-07,74
0.004800492983695771,3.88047360460643e-06,1.2240778747832795e-05,1.2299049799630225e-07,78
0.004392295848364413,2.281378574000084e-06,1.0301335969353395e-05,4.419820731462731e-08,82
0.004035498314966263,2.086487325158627e-06,8.76834971974604e-06,8.814908608762008e-08,86
0.0037216174501571815,2.576092436421158e-06,7.42591865716706e-06,4.156892377416586e-08,90
0.0034442761474441047,2.840602219389421e-06,6.404870970266302e-06,3.5170157427841586e-08,94
0.003196308722036352,8.002437853565046e-07,5.469289792037985e-06,3.352333319760645e-08,98
0.002974849336834326,1.845560658983534e-06,4.782424899747842e-06,7.798941218020971e-08,102
0.0027781116984032716,8.054186567962862e-07,4.140065863929579e-06,4.957298132113777e-08,106
0.0025993550877915056,8.364611091210908e-07,3.64843496953535e-06,5.951337922720003e-08,110
0.0024383529678700874,1.0294705365932431e-06,3.211413081525023e-06,3.299909069916537e-08,114
0.002293105865879607,7.02483948248657e-07,2.861710759125706e-06,2.8317275210309698e-08,118
0.002159260134471484,4.432561181979752e-07,2.5533580324616903e-06,2.9548629402481257e-08,122
0.0020370144576387942,5.207932317029262e-07,2.2834801295381023e-06,3.303541003504203e-08,126
0.0019252775362000015,1.3083602556345636e-06,2.024969009141906e-06,2.335847358871679e-08,130
0.001823092143274901,2.3079092061626186e-07,1.814687326695092e-06,1.3785325577271802e-08,134
0.0017298788771527899,1.3343764011988085e-06,1.6528839353173535e-06,2.109476618627098e-08,138
0.0016427673171969226,1.2256933529077377e-06,1.4868124121431706e-06,1.1892002285363963e-08,142
0.0015622549441358866,8.068563846432182e-07,1.3393923262475549e-06,3.431935132009061e-08,146
0.0014881812138889824,7.657178636693435e-07,1.242954783608131e-06,2.0732595749053514e-08,150
0.0014191549418903406,6.039665409580085e-07,1.1248623260581583e-06,1.7337803509855435e-08,154
0.001354557656420004,9.927458664133436e-07,1.0247450317226069e-06,2.299707622286603e-08,158
0.0012950743894766712,9.222606925289676e-07,9.387392890035128e-07,1.3842190481565256e-08,162
0.0012392420136508315,7.943104132813756e-07,8.714971698043521e-07,1.0321235229102066e-08,166
0.0011867196089283506,6.4930863309773e-07,7.883167987876109e-07,1.9988350760475927e-08,170
0.001137609073470599,8.995853915949592e-07,7.30429059257678e-07,8.089168380729942e-09,174
0.0010921414777351768,1.8094553579312347e-07,6.796007794453666e-07,1.0270289236073312e-08,178
0.0010490071641065172,7.522075952735678e-07,6.216276728261229e-07,1.5055428981173706e-08,182
0.0010080722907522175,2.6395153920454745e-07,5.78988004142167e-07,1.7027874781880025e-08,186
0.0009701505427020972,2.8199169024530936e-07,5.385628682383143e-07,8.698396799170315e-09,190
0.0009340191651833003,2.7445612910581736e-07,4.991824836120077e-07,1.2930231781839139e-08,194
0.0009003175785625438,3.754559983840675e-07,4.6739079438131266e-07,1.252726966639932e-08,198
0.0008682629802143826,3.569103944825328e-07,4.3369725344344384e-07,5.121456992913749e-09,202
0.0008379660378312333,2.9043054279034256e-07,4.0382077024434265e-07,1.0192544012426745e-08,206
0.0008092862168235934,4.287039994269135e-07,3.85781229330631e-07,4.210490955800382e-09,210
0.0007820351668115444,3.240490324303569e-07,3.583535658443825e-07,7.871619390581212e-09,214
0.00075566562899152,2.6616339482399796e-07,3.350844307916659e-07,3.638090007877623e-09,218
0.0007313098451743426,1.507663861634919e-07,3.1314376586894946e-07,1.953335393124576e-09,222
0.0007080626883378439,3.6684513918347917e-07,2.9769012410612824e-07,4.082125508274878e-09,226
0.0006856691206807435,1.9511551840357966e-07,2.8232813311507887e-07,5.0137386537494224e-09,230
0.0006647152812693753,2.236856158413774e-07,2.621962651918262e-07,9.587290130289058e-09,234
0.000644398796145129,3.4728920765537095e-07,2.4588127048259223e-07,8.877549120010659e-09,238
0.0006254658207601777,4.3957271648792286e-07,2.3595272474962948e-07,3.5177794484093537e-09,242
0.0006066861145232203,1.376654307106307e-07,2.2159468729677797e-07,2.505753360349455e-09,246
0.0005892061084116968,2.090032020507504e-07,2.10308063076122e-07,7.13364047698488e-09,250
0.0005726057112632211,2.228147075022252e-07,1.9847119298442504e-07,4.69637370677134e-09,254
0.0005562353169206384,2.559353095685137e-07,1.8697622689139775e-07,3.892316559699361e-09,258
0.0005409753556729106,3.699026044834061e-07,1.8056154722956414e-07,5.198182405031875e-09,262
0.0005262819987452115,1.747445313038257e-07,1.6831731834788686e-07,2.48455480076619e-09,266
0.0005121599500991583,2.250600728466185e-07,1.615510820257612e-07,4.142735149983228e-09,270
0.0004986335603605734,1.1659091864635492e-07,1.5458491304008563e-07,3.5506090420722995e-09,274
0.000485681019992644,1.7268702459714933e-07,1.4452434408532092e-07,2.5162900651175775e-09,278
0.00047305547038921397,1.1290205578263785e-07,1.393347103481061e-07,2.3323704412813116e-09,282
0.0004610850698391875,1.779984563115753e-07,1.3255002657836762e-07,3.5947504663790074e-09,286
0.00044944465065329786,1.410626789747466e-07,1.2556786653205344e-07,3.788339187952289e-09,290
0.00043843926615143574,2.8919047084905065e-07,1.1717394701452466e-07,1.7145726883717996e-09,294
0.0004277848795080539,1.2200483212447023e-07,1.1389008831992134e-07,5.1326319076407174e-09,298