1.7228678109969505e-06,3.02510934438068e-07,1.201712065614339e-07,1.7474737126333735e-08,30
1.3048252122082674e-06,1.938845850710117e-07,6.841047186531346e-08,6.467926892991987e-09,34
1.0586633526666399e-06,4.0878358394590886e-08,3.9411102472406945e-08,6.958285794953474e-09,38
8.213021440015852e-07,1.832188929457966e-07,2.7007255030373503e-08,7.052401769627571e-09,42
6.443756198432304e-07,1.3186714937275825e-07,1.7728155793243475e-08,3.181267274281381e-09,46
5.066311969999951e-07,9.86512309981393e-08,1.1453872259953406e-08,1.2448040770862973e-09,50
3.8395329894677917e-07,2.4266923452252808e-08,8.913657514586104e-09,1.6687177033852078e-09,54
3.0853138030050654e-07,3.7031470032447443e-08,5.971108528920029e-09,8.225925921029011e-10,58
2.8783430899419726e-07,3.894107707840274e-08,4.623716692060363e-09,4.1585640347139655e-10,62
2.2170300941162867e-07,2.8122595447696835e-08,3.6292170133624906e-09,4.816869618141294e-10,66
1.918473249052376e-07,3.405471904223331e-08,2.911324653177565e-09,2.492257664513823e-10,70
1.6692494747624778e-07,2.3316064995843152e-08,2.5757164371925864e-09,4.357217295872115e-10,74
1.462293202229931e-07,1.9924224307858524e-08,1.7767946852323028e-09,5.423023699661438e-10,78
1.1975706323367177e-07,1.4376356295095655e-08,1.4809569259043415e-09,1.9895748666052865e-10,82
1.0415843724712906e-07,7.138832494307776e-09,1.2047981262728654e-09,4.051732065686573e-10,86
1.003389064616875e-07,1.6753360441507745e-08,9.430528430362825e-10,3.8010440190953643e-10,90
8.880152185622094e-08,1.0874948992739998e-08,9.69459322180142e-10,3.1851425207065484e-10,94
8.519409571946633e-08,1.1118326310121088e-08,5.657657489910211e-10,5.983419888405145e-11,98
7.104917043750444e-08,9.523948238959968e-09,5.809425070859398e-10,9.548045785548944e-11,102
5.951118591726325e-08,6.4451481134601e-09,5.246496736688662e-10,1.8327310098430345e-10,106
6.077056768361623e-08,1.0902783776902334e-08,3.740159550107019e-10,1.1373599758309579e-10,110
4.6518602985813545e-08,8.129606439922649e-09,3.3078598522943576e-10,6.054795903942206e-11,114
4.897905455118468e-08,3.785228881141055e-09,3.064479619603397e-10,6.443604691772669e-11,118
4.136676257445907e-08,5.913630215539826e-09,2.495100410564931e-10,1.0012505005247936e-10,122
3.9199057429163365e-08,5.1888406479668205e-09,2.1668672428069076e-10,4.635248747254145e-11,126
3.5398678764940944e-08,9.083260526550309e-09,1.7510011246757036e-10,8.742037261431631e-11,130
3.5813899084723534e-08,1.0220145456187995e-08,1.7370053811017794e-10,9.961642559254759e-11,134
3.253998373992268e-08,7.452112385727689e-09,1.5048654820067336e-10,7.725527868221158e-11,138
2.9485957087875433e-08,4.296015254234341e-09,1.638684298654893e-10,7.085188485110637e-11,142
2.8955417604609723e-08,3.692051900623634e-09,1.1947117297331988e-10,3.790664079705255e-11,146
2.416527238362412e-08,3.6333966318895605e-09,1.343277856782513e-10,1.367399658061914e-10,150
2.1768018312505003e-08,3.022247629660058e-09,1.0252337626875745e-10,1.460992981870304e-10,154
2.0137896324112037e-08,2.2298003892663753e-09,8.375385238268239e-11,5.1354483180337774e-11,158
2.1478766568707094e-08,1.4339408428698123e-09,9.360747137410455e-11,4.433245790640149e-11,162
1.8907953587213662e-08,3.165527655737648e-09,1.0176595690157949e-10,2.608946519974913e-11,166
1.7771583655295212e-08,3.114960412782302e-09,7.450732029722321e-11,3.2491787833797786e-11,170
1.6315700245173206e-08,3.195669152648345e-09,7.857933957682329e-11,8.163330183521664e-11,174
1.5420688507061096e-08,5.737490219976029e-10,4.591001757716604e-11,1.4552495674544577e-11,178
1.4394860645063519e-08,2.2403730882197143e-09,7.019414412699935e-11,8.945019838752021e-11,182
1.1551259024018397e-08,2.7274429611143345e-09,7.127478834198796e-11,1.1975217764379667e-10,186
1.4326755094687958e-08,2.30389827575674e-09,3.9379849060678856e-11,2.191946770227114e-11,190
1.1984870031956968e-08,1.6199454517191549e-09,4.264157712059779e-11,2.2667705199776045e-11,194
1.1486397343061676e-08,8.001295459872522e-10,3.633211323762829e-11,4.394276170738413e-11,198
1.0569027069423445e-08,1.1251038425019065e-09,2.697229532616451e-11,5.147357935304667e-11,202
1.0977299205368309e-08,1.172799431217557e-09,3.0822822038220976e-11,2.7202252863181695e-11,206
1.0178250800979396e-08,1.8245161403469828e-09,4.9056797683094095e-11,3.1884268605740846e-11,210
9.001200818020467e-09,1.379988646328837e-09,3.436665434638182e-11,2.5975514595749603e-11,214
8.729704754331327e-09,7.562424831187904e-10,3.461721963409361e-11,2.497242726240656e-11,218
8.605717913954524e-09,1.6815356314437347e-09,2.6143454911928908e-11,4.449897577390221e-11,222
7.77994160168212e-09,1.7257332220623208e-09,2.68830805957781e-11,1.6384660678689506e-11,226
7.102470840281448e-09,1.7477185846390515e-09,2.5189752999298097e-11,1.712962228082574e-11,230
7.555321735055084e-09,8.067193265789212e-10,2.8530568404915397e-11,1.9957215431440052e-11,234
7.478221738471797e-09,8.484725357713541e-10,2.543837267025811e-11,4.009315642157502e-11,238
6.862986344035212e-09,1.1433315233312798e-09,1.7881080524956305e-11,5.1691208458753654e-12,242
6.529494938851315e-09,1.389640320384622e-09,1.2365520861376977e-11,1.3277786514154036e-11,246
6.205827475176213e-09,9.925314064074177e-10,1.7626746782954474e-11,3.497170306911615e-11,250
5.980376732593941e-09,1.342633777830423e-09,2.58808490955041e-11,2.467570820669453e-11,254
5.1864236070782295e-09,7.276891653094779e-10,9.70566694382463e-12,1.0807529590125194e-11,258
5.367567034847687e-09,4.610416695276928e-10,1.9011161824467356e-11,2.1012243912685196e-11,262
4.619159522217938e-09,1.100495083653106e-09,1.211273093521455e-11,4.1119289027419906e-11,266
5.1090354639873745e-09,1.3954656656565932e-09,2.2517685153735163e-11,1.221349840764415e-11,270
5.0155885219633836e-09,8.118942571007445e-10,2.1022810813910925e-11,2.1784548255448185e-11,274
4.197921410506638e-09,1.0696207654638674e-09,1.501689070053718e-11,1.4264397360379024e-11,278
4.262028621115672e-09,4.955928725474711e-10,1.674051004163184e-11,1.8531332720202888e-11,282
4.488786119171381e-09,5.279566503874862e-10,1.143545919366381e-11,2.3278026742013483e-11,286
3.5597774590880997e-09,6.537406089135999e-10,2.3749392991537083e-11,2.1721348521185336e-11,290
4.289880695484782e-09,1.3135281484864344e-09,1.3893920645867554e-11,7.876771868585763e-12,294
3.958120407633248e-09,3.8378027207509367e-10,1.4250116056526507e-11,4.8450801740770064e-11,298