1.9387830866994114e-06,3.9658816503080817e-07,1.1102524445010549e-07,6.78067180504842e-09,9.59273026579441e-07,6.292923135924839e-08,1.0533813413996017e-07,1.8291188324320202e-08,1.8672044175594415e-06,2.987946219546346e-07,30
1.434495365526556e-06,3.9727811528974023e-07,6.66999209738566e-08,7.869376261264312e-09,8.208990670056937e-07,1.7162007776711567e-07,6.877709512564414e-08,6.521141359134973e-09,1.3737861579265462e-06,1.474537714693079e-07,34
1.024580784291326e-06,2.088722776863823e-07,4.268746664516713e-08,7.603463450648366e-09,5.062014665351232e-07,1.1014504844956713e-07,4.134365687734153e-08,4.755802843527372e-09,1.1086367394917668e-06,1.2817817417418462e-07,38
7.624875176032224e-07,8.287920050864352e-08,2.6888753972432053e-08,5.243731195346759e-09,3.988720243254242e-07,8.238746406273094e-08,2.6738649295722816e-08,3.715571562331218e-09,7.834798856109399e-07,9.717275481865867e-08,42
6.266115307693644e-07,3.488231935833898e-08,1.8334738890963657e-08,2.572055792710606e-09,3.426141967311239e-07,2.1575532669299392e-08,1.7642245355873927e-08,2.9463768541661056e-09,5.578477965784739e-07,1.1997409399820668e-07,46
5.102407995810951e-07,6.834421664476459e-08,1.20364434033747e-08,2.2456723964236024e-09,2.393136736498847e-07,6.538841516425091e-08,1.2280993619317735e-08,2.9933281916437233e-09,4.8181088657038e-07,7.775098873103274e-08,50
3.854824203370752e-07,8.704297985519747e-08,8.656212598642577e-09,1.346659008615987e-09,2.0065326421013084e-07,3.269646512528047e-08,9.8536610199669e-09,2.3579799388023565e-09,3.9147413938216885e-07,5.921777648096437e-08,54
3.3547467443662795e-07,7.04174307775816e-08,7.219478921150096e-09,1.4727975762528616e-09,1.6252400758151788e-07,2.327048570519218e-08,6.297288793354996e-09,1.0378317835521282e-09,3.324535447802911e-07,5.749740859200546e-08,58
2.8064333961713687e-07,6.962622230600323e-08,4.5953268629412075e-09,7.378840401695705e-10,1.3400145562234308e-07,7.801677556446673e-09,4.728453041352696e-09,2.7193117748520777e-10,2.728396670949417e-07,6.718592088267951e-09,62
2.2552560987812407e-07,5.1526835539941304e-08,3.3905355759247433e-09,4.807439656201136e-10,1.2232867374541503e-07,1.806504207902774e-08,3.391384107170593e-09,6.112561060398712e-10,2.1339921896535563e-07,3.129390343544625e-08,66
1.8514494817081312e-07,2.3550446961545845e-08,2.849914575334037e-09,8.097429844749687e-10,9.864845730893021e-08,1.2306012364716262e-08,2.6811640667250505e-09,3.013783113786166e-10,2.0759712546983656e-07,4.4166831665994845e-08,70
1.7074048807951583e-07,1.759582499296724e-08,2.199244697545506e-09,9.766513518010451e-10,8.774219595874301e-08,1.5860089047173915e-08,2.2113568782037987e-09,3.125441235726158e-10,1.760471832775953e-07,1.917227125598454e-08,74
1.486670465097733e-07,4.906597039298914e-09,1.7452946407356945e-09,3.8870889699684143e-10,7.125926609192968e-08,8.434884505656433e-09,1.7709865777237226e-09,3.453205049003726e-10,1.3652837766783085e-07,1.5355572012640965e-08,78
1.3076138943068682e-07,1.2237090027479431e-08,1.3040365103375517e-09,2.3033186927424355e-10,6.15319546181429e-08,1.3803820225827684e-08,1.5359654310077204e-09,4.067037628654426e-10,1.2464894273545742e-07,2.228013982583183e-08,82
1.0066052048713453e-07,2.314628063780964e-08,1.141991276209523e-09,3.998360668013474e-10,5.349269147373494e-08,1.227457442559224e-08,1.0760205225537156e-09,1.245841100483548e-10,1.193459346844115e-07,2.0626428659590386e-08,86
1.0022880425702051e-07,1.0810986976018203e-08,9.138793887698753e-10,2.880528506827666e-10,5.24601759090933e-08,3.3403602885503077e-09,9.217477373607331e-10,1.625367804095345e-10,8.548536100737383e-08,2.0444291353931424e-08,90
9.405887221061836e-08,8.783716980404912e-09,6.848176683037382e-10,1.9605586427117388e-10,4.397186013583583e-08,7.232220978004463e-09,6.44836346609669e-10,1.0434483305914664e-10,8.452916450111163e-08,1.6590960296460426e-08,94
8.210869264284208e-08,1.2398029395701978e-08,7.638184547902263e-10,3.0214664420523906e-10,4.275553110011106e-08,4.5037186285929916e-09,5.853868688466845e-10,9.971523896896355e-11,8.249346059930312e-08,1.4852802030793701e-08,98
7.20128033113398e-08,7.2202166447628795e-09,5.714945288957211e-10,1.0453518139487598e-10,3.043691444129129e-08,6.726781893671499e-09,4.848419089699295e-10,1.0736085120481078e-10,6.312497093485118e-08,1.0074675969291646e-08,102
6.162682265136184e-08,1.100383480027979e-08,4.885994594465677e-10,5.100113528681559e-11,3.270112423087595e-08,7.202416670587234e-09,5.050420731636853e-10,1.6723674162552839e-10,6.175781601349388e-08,3.395097041216563e-09,106
6.223102818247635e-08,1.0928335346804605e-08,3.7548468515464257e-10,8.464393565481228e-11,2.8194218323730498e-08,2.9460542323951616e-09,4.6249954989940074e-10,1.485817416151995e-10,5.982823668479238e-08,4.475394551648013e-09,110
5.341585993356415e-08,5.527407150895665e-09,2.974380681089144e-10,1.3231916087006444e-10,2.921206836108095e-08,7.463253329446467e-09,4.688995148977895e-10,1.784739665853304e-10,5.450408623053222e-08,8.596628992604296e-09,114
4.787641061240552e-08,4.537676908325714e-09,3.0965296372496295e-10,1.751973920312341e-10,2.3034387886885676e-08,4.6785415634712256e-09,3.547200573049989e-10,1.3326939562012158e-10,4.7486818738682414e-08,8.617974115629913e-09,118
4.430047870109236e-08,3.779873453895622e-09,3.8256875491248283e-10,1.886825538514066e-10,2.2133092794025483e-08,3.1528845785538882e-09,2.1702598364435127e-10,7.954970370735338e-11,4.416100898811532e-08,5.279916598346421e-09,122
3.73563941968171e-08,1.450649360041168e-08,2.47856468707381e-10,1.1465793886772645e-10,2.0202127702222655e-08,2.35360149273203e-09,2.885785592316657e-10,1.233588448098972e-10,3.7529472626856496e-08,7.099717286442273e-09,126
3.61311223231835e-08,7.967885475873567e-09,1.70399843519155e-10,5.7440004364762494e-11,1.747795426880639e-08,4.221353988183105e-09,2.669223412405442e-10,1.409029331446117e-10,3.511684494485044e-08,3.8438998170869134e-09,130
3.5136160512983934e-08,7.950899376687722e-09,1.60691355988512e-10,3.169280434286423e-11,1.8399535934618748e-08,4.739862625180841e-09,1.5968138493084938e-10,1.00000999531064e-10,3.397537194691457e-08,4.867668919611641e-09,134
3.334638167214059e-08,2.542269361156221e-09,1.6515373092992437e-10,1.1551492523402523e-10,1.4861946454752725e-08,3.2024332937960547e-09,1.8680221731988304e-10,1.0056910075182675e-10,3.2224342060576204e-08,2.3731967806507572e-09,138
2.9695450541849438e-08,4.953094685842913e-09,1.359296645688912e-10,6.206310502104065e-11,1.3246124006552033e-08,2.2570524091092174e-09,1.4312945837687883e-10,1.290260817155411e-10,2.7509675475031428e-08,2.6773739724273883e-09,142
2.4361194044810225e-08,4.787484038872897e-09,1.1218792416962416e-10,2.695959132044838e-11,1.4382880112002482e-08,1.5623769713640383e-09,1.1646904448781785e-10,6.999705633283693e-11,2.487681463823757e-08,3.99942770035274e-09,146
2.289727596220996e-08,5.347714943095021e-09,1.2355017196127856e-10,5.5578518919582685e-11,1.2541589894661867e-08,1.9420908324575987e-09,8.251406831264165e-11,3.9887176716652367e-11,2.5374977216113842e-08,2.621085003301448e-09,150
2.2210642828904607e-08,3.1707115168964624e-09,8.817013493477081e-11,3.7654822812032065e-11,1.1051472478930078e-08,1.8600683337183617e-09,1.2068642835074087e-10,9.066688137455232e-11,2.366823987093935e-08,3.49472529815943e-09,154
2.1054576640328466e-08,4.342009598414559e-09,7.709786715907843e-11,3.9644893215535847e-11,1.1660829627426169e-08,2.048832713657965e-09,7.49407256388223e-11,5.101678646106886e-12,2.107673792127317e-08,1.1752840773930763e-09,158
2.0770225905845484e-08,2.791597602589843e-09,6.274802652640049e-11,5.2487767572360705e-11,1.0188732394181635e-08,5.859502141956519e-10,7.33321049230513e-11,5.899684794220165e-11,1.9648633420075824e-08,2.163163479729451e-09,162
1.8776506152872855e-08,4.261785424201356e-09,5.81049541566575e-11,1.2962540974227585e-11,1.0098672390281278e-08,6.892559047149304e-10,8.092111041107312e-11,1.501412988242999e-11,1.745818259605802e-08,2.722681463244256e-09,166
1.8282514043335896e-08,2.0972037592850826e-09,6.996890194911032e-11,1.1586324956760517e-11,8.1122653538784e-09,5.976643082492194e-10,6.784362772004286e-11,3.67816262140408e-11,1.737176119863545e-08,4.843276987137912e-09,170
1.510193500335714e-08,1.6027968519655136e-09,4.933953160510335e-11,2.533786641055225e-11,8.018250728130062e-09,2.5724931843495003e-09,6.903880804806417e-11,8.583380505762525e-11,1.711404216690199e-08,9.962487892280845e-10,174
1.6501805860164742e-08,3.0282478313512225e-09,6.09492994279173e-11,3.00994993800473e-11,7.67512000056529e-09,1.7568807167608593e-09,4.413715524731283e-11,1.767264535364629e-11,1.5181719282123937e-08,3.616522143444836e-09,178
1.3836308063704221e-08,8.961048923243783e-10,5.1478454990051214e-11,5.171130937259086e-11,7.252832835982505e-09,8.843182281865611e-10,5.022146622277729e-11,2.456090105470716e-11,1.379227850674755e-08,1.4639392073870384e-09,182
1.1471871471263496e-08,1.4659551107919064e-09,3.87961162983624e-11,4.022126608032359e-11,7.045235489621866e-09,9.697312321553767e-10,5.0808768144114305e-11,3.40761545168578e-11,1.3524035510915914e-08,2.442791552669692e-09,186
1.2049797564813284e-08,1.133065551259693e-09,7.900065293361278e-11,1.0148294839687046e-10,6.297609406666532e-09,4.838639844816831e-10,3.604195501632717e-11,2.8359528355424095e-11,1.1885676688814257e-08,1.3444041890101629e-09,190
1.292965689003758e-08,8.451147836784631e-10,6.000495799000915e-11,5.0652341048810114e-11,5.963118373140425e-09,9.800610019054022e-10,3.4443558633623876e-11,3.781228789680378e-11,1.349623312050846e-08,1.7438875192439197e-09,194
1.2058791265594554e-08,1.1639377939130787e-09,5.293043147573334e-11,3.5515376519892996e-11,5.837889767788432e-09,6.923259257876387e-10,3.6545439976615465e-11,2.3977392717378045e-11,1.169400658690647e-08,1.5618615222456047e-09,198
1.1145026383528367e-08,9.850980836561883e-10,4.313671665554787e-11,2.646894278535846e-11,5.684373535284486e-09,6.470719267890454e-10,3.655114341616417e-11,8.152029237649664e-11,1.0821919740924844e-08,2.4476370057567584e-09,202
1.0019371275704729e-08,2.685722413508034e-09,2.9034313569530406e-11,4.7118225584626045e-11,5.310264884487769e-09,7.764047846500911e-10,2.8986572236664774e-11,2.9045797150796987e-11,1.0967451157129598e-08,2.1153331350116616e-09,206
9.685467146475173e-09,1.1583501707349144e-09,4.891588325390791e-11,2.883228173557064e-11,4.980755314461972e-09,6.652113071015788e-10,4.255273049101724e-11,2.1780921644311846e-11,1.0033626239573378e-08,1.1516447183466462e-09,210
9.647123681381834e-09,1.414399782257307e-09,2.7201147506627617e-11,1.4060968716006928e-11,5.168082143608377e-09,6.684259110197984e-10,2.2471855656651797e-11,1.9433809884943862e-11,9.009843284859707e-09,1.0364556373754146e-09,214
8.998778021512455e-09,1.4995262564329163e-09,5.4418188007486526e-11,4.2368935364872215e-11,4.401197959552269e-09,9.479405240837867e-10,2.0575408276232416e-11,1.2166332304269028e-11,8.607452345886773e-09,9.680758081195868e-10,218
7.307564461505412e-09,1.0861723138290297e-09,3.034383760479435e-11,4.7746094896443396e-11,4.0459922657526095e-09,2.366278014684205e-10,3.260173324908005e-11,3.4174299673528334e-11,8.095259336832813e-09,1.0512359879788916e-09,222
8.533464448910287e-09,1.2565834267166075e-09,3.459247464723963e-11,3.221209301729562e-11,4.36594937542738e-09,1.2273290642879696e-09,1.8080421883201537e-11,2.2376650039342406e-11,8.005373148604944e-09,3.421261431534132e-10,226
8.004240750535391e-09,9.493665607343585e-10,3.132593307936441e-11,2.4212209689970524e-11,3.80637942803783e-09,6.720788754016236e-10,1.8709932085559826e-11,4.7799036763608026e-11,7.321244511056258e-09,5.649540849667185e-10,230
6.9146970418165115e-09,7.51820618178824e-10,3.437941889126139e-11,2.6868129618608132e-11,3.916621215938711e-09,7.061349572605682e-10,1.3224857717770316e-11,2.302481901974254e-11,7.2803566616349025e-09,1.1762966100783094e-09,234
6.627389282390782e-09,1.8524460166774423e-09,1.8805443832988245e-11,8.971335646083913e-12,3.5676845488830957e-09,6.291587441860634e-10,1.8176024881380434e-11,2.3995193733644908e-11,7.297115792229712e-09,1.4378340762194436e-09,238
6.477365606661955e-09,1.42773533023806e-09,2.165795769333006e-11,1.9436242478411593e-11,3.3812672800419953e-09,5.90955775948615e-10,2.925603556030393e-11,3.10318126930418e-11,7.326763835522005e-09,1.0534823482348316e-09,242
5.995353224031614e-09,9.162318677118469e-10,3.6629299365715706e-11,4.715410775405548e-11,3.1909457640594076e-09,7.711805331600701e-10,4.056646795013645e-11,5.295992611677843e-11,6.5829433598871445e-09,6.664609624815703e-10,246
5.7585071836647245e-09,3.4101401560558517e-10,1.629731476487007e-11,2.2081926823945134e-11,3.0466495902870036e-09,3.9355222708236974e-10,1.0220351704411875e-11,2.3258100794243134e-12,6.124545851849463e-09,9.67351275067289e-10,250
5.62262053628861e-09,8.288405984953725e-10,1.4508701361773835e-11,2.52487816350515e-11,2.6271844523861185e-09,7.114647788699953e-10,1.3360359426467024e-11,2.191997935309583e-11,5.5128918739787175e-09,1.1770155643216326e-09,254
5.4803307963252084e-09,1.6041791350440888e-09,2.0414133274040583e-11,3.3380598218479824e-11,2.867582884489415e-09,3.153917716336357e-10,3.034448194899807e-11,2.6233022960812603e-11,5.619064506548626e-09,8.285214993225631e-10,258
5.213200997536738e-09,2.790138078524601e-10,1.2931965729789027e-11,1.4958070587136156e-11,2.4793085619774054e-09,3.809625501774781e-10,1.6890578708699627e-11,7.517637622200432e-12,4.981166788253163e-09,3.119383549678573e-10,262
5.022219533957957e-09,4.7788414030684e-10,2.404171220022089e-11,1.4387766517214935e-11,2.508584466285294e-09,2.7390633713059087e-10,2.872972534226624e-11,2.358949615713235e-11,4.448122404508299e-09,4.848881682632221e-10,266
4.638332459795239e-09,1.1623119196322923e-09,1.491454271150978e-11,1.6967364235708913e-11,2.33569273983877e-09,3.015480786964711e-10,8.067371236580183e-12,4.0965606115185545e-11,4.885896509259448e-09,7.436608618168286e-10,270
4.666493969054506e-09,6.98156559352344e-10,2.026551765335115e-11,2.3245750773598744e-11,2.4240687165291873e-09,4.643560001968692e-10,2.939216490547147e-11,2.9176901902520104e-11,5.042078381506013e-09,8.082174404271748e-10,274
4.619058674472765e-09,4.5587797574489647e-10,1.7965428001695346e-11,4.709765301481357e-11,2.0912829158876915e-09,2.943642425934032e-10,2.1515344245156683e-11,7.3890487119024e-11,4.092184231741546e-09,5.271841520704177e-10,278
4.45207436946942e-09,8.027617312362027e-10,1.730335080075369e-11,1.852554410217122e-11,2.088347757882446e-09,1.7030579743354632e-10,1.1931673625851226e-11,1.6780580278986182e-11,4.769532828229858e-09,6.032513941879085e-10,282
4.190321268842196e-09,1.616697496360751e-10,2.0038287717786286e-11,1.8512819818986692e-11,2.219162926842388e-09,2.0259272337754878e-10,2.6279426780453506e-11,3.9465896446739786e-11,4.2446994210443e-09,6.987475202568623e-10,286
3.816766846348607e-09,3.050150720739705e-10,2.128298555774178e-11,4.054663734234344e-11,1.9811151719078065e-09,2.117547102253148e-10,8.496600970151051e-12,6.830285480076661e-12,4.088309419970331e-09,5.213578996511478e-10,290
3.945986437216298e-09,5.283145958898686e-10,2.2578330678605636e-11,1.3986089398741725e-11,2.0173929142799824e-09,1.716156604373134e-10,1.3082312589691755e-11,1.979437049511458e-11,3.6877784417385826e-09,7.126624102297421e-10,294
3.632325232135028e-09,5.653012443825748e-10,1.255461570168362e-11,7.383476929746606e-12,1.753209211696135e-09,1.948664612244789e-10,2.7030299234918157e-11,3.313312453837814e-11,3.761116741769054e-09,4.3409390210957123e-10,298