1.4218792509458228e-06,8.308667592865078e-07,9.43198938560401e-08,2.759990527410126e-08,1.0010537158619208e-06,4.6996723045635454e-07,1.0110261593619416e-07,2.3573632039029093e-08,30
1.47076789773809e-06,9.324802416682956e-07,5.7057042047130785e-08,2.776812895636607e-08,8.7452068677995e-07,3.476642583741382e-07,6.453876291321791e-08,3.2639999513438976e-08,34
8.062092738827816e-07,2.360490659588406e-07,3.897047531515378e-08,1.4312353378940802e-08,4.283253437684914e-07,1.4905449613780197e-07,4.832926094527539e-08,1.8021330774209904e-08,38
6.630587548628368e-07,5.077907492800705e-07,3.2291456172659746e-08,1.0932582879617158e-08,4.476622552450901e-07,3.313033510764433e-07,2.7406570093468726e-08,4.84964930267439e-09,42
4.0298681143312035e-07,3.2618851136232277e-07,1.3965576371010656e-08,7.657461787481004e-09,2.4364444429663904e-07,1.4200395869110026e-07,1.495459074335808e-08,5.913848018127025e-09,46
4.3910199747302645e-07,2.5476245604598113e-07,1.3067029044620961e-08,4.45930498898368e-09,3.457616677280944e-07,9.640967096126568e-08,1.4912794761286998e-08,8.266903301125814e-09,50
3.7114257870839854e-07,2.1009883877332512e-07,6.542560660411197e-09,2.9348628356650704e-09,1.7324904366863988e-07,7.409290119827918e-08,9.129223631057218e-09,6.6856093046471104e-09,54
4.334623648658784e-07,2.014659379668556e-07,4.015552157674813e-09,1.870324840459531e-09,1.527743504810928e-07,5.818842187001001e-08,4.795769775701682e-09,2.2821234190868984e-09,58
3.1557524514502293e-07,1.2131987047639442e-07,4.212820374121164e-09,1.9013124095572236e-09,1.2675625514079718e-07,6.798851128865071e-08,4.919251929006172e-09,3.0216722010222028e-09,62
1.8340723080917463e-07,1.055447619013313e-07,3.3423535998566195e-09,8.482116206042597e-10,1.2241212997103385e-07,6.078371269312063e-08,3.6721068364565022e-09,2.0065451495644513e-09,66
1.6214931695336206e-07,7.676726229312003e-08,2.178077129192487e-09,9.38851466538268e-10,7.497141886055205e-08,4.5678592898449763e-08,3.2589122447243857e-09,1.5806332272175061e-09,70
1.5409495849907185e-07,5.984584717861534e-08,2.7814439360675325e-09,1.7926723106845973e-09,6.996603614692083e-08,3.732704191701267e-08,2.0965223675143447e-09,1.4494139610695902e-09,74
1.2440551316277365e-07,8.145659048057876e-08,1.585082649050173e-09,8.311596143368184e-10,1.0022968638994332e-07,5.165938408506645e-08,2.507815631814606e-09,1.3213030216123156e-09,78
1.2643369260275706e-07,6.709423035319906e-08,1.0772830624341957e-09,4.1543372432494517e-10,3.804971232873578e-08,3.729369597756827e-08,1.6022311743826302e-09,6.823473317065759e-10,82
1.3319721082453262e-07,1.004999703527829e-07,1.199991980355702e-09,9.111417464584262e-10,5.575528724834774e-08,3.3323313522027686e-08,1.0941142212009333e-09,6.099903968661851e-10,86
8.319514289934418e-08,4.135367516936536e-08,1.125194249892239e-09,5.762682933583611e-10,6.120414830532674e-08,2.288472184601215e-08,1.208407871514103e-09,4.896594819887796e-10,90
9.102643436212503e-08,5.35888657140107e-08,6.692270596717399e-10,2.805681482131415e-10,4.4481794394918386e-08,7.873473763399974e-09,6.200010479935236e-10,6.039728782328113e-10,94
9.653284961910704e-08,5.0049167350145974e-08,6.204380784928746e-10,4.2335533653789613e-10,3.7522117250968e-08,1.952510756289451e-08,6.3943658463085e-10,2.8999969795785313e-10,98
8.806398153589066e-08,4.5111770384638747e-08,3.9282447748811557e-10,1.868329751859964e-10,3.933019984561008e-08,2.0853884001978926e-08,5.517261562069447e-10,2.4678599200653777e-10,102
7.3889114758853e-08,4.013522287185785e-08,4.955278587068324e-10,3.623962365416052e-10,2.2891242276235914e-08,1.5693600213609473e-08,4.741288146221598e-10,3.1350239601771657e-10,106
4.8859187746407515e-08,3.4354907535241415e-08,4.658976133207186e-10,4.274073183344692e-10,2.894517173168268e-08,1.6570225525907e-08,4.695895616722574e-10,1.9940189062268264e-10,110
5.1654382799718894e-08,2.087703872004244e-08,4.875380453837795e-10,4.480344181542749e-10,2.715953117653083e-08,1.8074307765432935e-08,2.3256806164084556e-10,1.1885962223177817e-10,114
3.895531540040846e-08,2.8184729913199634e-08,3.945547286226335e-10,1.4419573829821592e-10,2.352897830429047e-08,1.1883565744000183e-08,2.706532619793251e-10,1.349056465666929e-10,118
3.9304515355471605e-08,1.718256300418558e-08,2.7282363468212696e-10,1.3028470519828048e-10,1.877931624888931e-08,8.825840585084227e-09,2.2103719551451953e-10,9.388265730401619e-11,122
2.4202648603056173e-08,1.3518149300004247e-08,2.0697535337981414e-10,2.365133712095204e-10,1.8098055994215485e-08,7.636433211650288e-09,2.2395723742037753e-10,1.519434840722304e-10,126
3.917428122494448e-08,8.575159554836184e-09,1.7837919960673053e-10,1.177149311056067e-10,2.140557094713073e-08,1.4010591237142733e-08,2.0351085575203364e-10,5.6131779298420984e-11,130
2.989354449451621e-08,1.4631070710550515e-08,1.3681170897328857e-10,6.616787817850183e-11,1.7356376883396513e-08,8.255732521844183e-09,2.2719134954400266e-10,1.3996292540675237e-10,134
3.072663821115816e-08,1.668022320605549e-08,1.3178124148443106e-10,1.1414010695824477e-10,1.3486076337647387e-08,7.348854023179842e-09,1.2853643193807368e-10,4.6906551186385533e-11,138
2.246901339882869e-08,1.2102357088241321e-08,1.3317977919241912e-10,2.562401886537292e-10,1.862938906780955e-08,2.587255250986583e-09,1.603185063390143e-10,9.244570706735816e-11,142
2.5356039884643296e-08,1.4937619046389426e-08,1.0670494609888367e-10,5.8065711578935464e-11,1.0056639062447105e-08,2.9633592639602124e-09,2.182230688601855e-10,1.5863413469437244e-10,146
3.228379161508184e-08,2.2943447429053656e-08,7.990241152256059e-11,4.693734002359871e-11,1.0280030097675809e-08,7.212029583660789e-09,8.855057248983373e-11,6.46775168345535e-11,150
2.0919734331795133e-08,1.7420668053621107e-08,1.220762822470617e-10,8.191546818064061e-11,9.418778456892763e-09,5.106666829167772e-09,7.700379269620513e-11,4.571833787851526e-11,154
2.5345212383324384e-08,1.4894542220769104e-08,1.0753687874903809e-10,1.0099196290511709e-10,9.699808210816954e-09,3.842581939978531e-09,1.092122149639091e-10,1.21429380244413e-10,158
1.9656258641944195e-08,8.189997770873639e-09,8.632627702718099e-11,8.13176146617679e-11,8.494217560431868e-09,5.8808790499655895e-09,6.28343185229197e-11,4.744454535172464e-11,162
1.5371479069421834e-08,6.410889175631069e-09,5.5022439712253457e-11,7.331399671179386e-11,7.152827580245834e-09,4.283042592135535e-09,3.8467899989422234e-11,2.3408169811900496e-11,166
1.3664287202210312e-08,1.1437690267026144e-08,7.172075582662949e-11,4.42911980897189e-11,9.494200487851815e-09,3.3475040645410207e-09,6.558947176028807e-11,6.850355762935846e-11,170
1.4491337589904658e-08,6.4973513744468785e-09,6.528194304922536e-11,3.2232875471807885e-11,7.152860715353574e-09,3.8665261439850465e-09,9.426313958588567e-11,9.466270437491391e-11,174
1.5527277130557215e-08,7.313592343843791e-09,4.1003555407492794e-11,3.3346870420060793e-11,1.0551676768609566e-08,4.3130225651710426e-09,6.202112551236123e-11,3.5112095888483346e-11,178
8.791313705092243e-09,3.655159536160748e-09,7.783554430083935e-11,9.818918837707964e-11,8.108150023081413e-09,4.102185226996507e-09,5.5814967401881866e-11,8.353737593161878e-11,182
1.3357225034253851e-08,2.146115081127595e-09,4.327208263581191e-11,1.3755082954659166e-11,5.747272039022496e-09,5.081859638861934e-09,5.765891364011531e-11,5.216132677094265e-11,186
1.2797445882188472e-08,9.019209872229377e-09,3.8948105282582685e-11,1.6776925642135658e-11,7.736237992493801e-09,9.035701533750992e-09,5.219603325558365e-11,7.947497644167651e-11,190
1.0699351410005995e-08,6.864154113195058e-09,5.139384677999527e-11,3.9752761469893275e-11,8.347331789001297e-09,3.4833531447043464e-09,5.688182562446996e-11,6.163942581483877e-11,194
1.1131204438960615e-08,3.529920353333888e-09,4.164218572093177e-11,7.231360506163831e-11,4.007675822800909e-09,2.212913380719574e-09,6.007819567248229e-11,5.319299878931753e-11,198
1.007812730461741e-08,9.815899520253098e-09,6.974246743477579e-11,5.2086902468198644e-11,6.237217584215504e-09,3.4474896877299915e-09,5.482592099559544e-11,3.814351001019634e-11,202
1.0053957074561182e-08,4.418311278200325e-09,4.126389042670478e-11,5.6865487057622286e-11,5.639511712479002e-09,1.5992668045796497e-09,5.087537977053409e-11,3.084894840139261e-11,206
6.564246043612905e-09,8.380914946594176e-10,4.084147614921398e-11,1.717337464556861e-11,3.878356505571926e-09,2.360945100840085e-09,4.9169043304951397e-11,2.873681883202417e-11,210
8.053495331314156e-09,2.849486046275126e-09,2.6251574042280255e-11,2.1389008529484358e-11,3.648252354367846e-09,2.314236690936264e-09,3.844719162235148e-11,2.0476885426295363e-11,214
9.543458804595606e-09,5.103451701873938e-09,1.974941908640972e-11,2.1694176952776797e-11,4.111545226789157e-09,7.838948343910623e-10,2.103995098892068e-11,1.0758621042968041e-11,218
7.547299206717197e-09,2.719694319369631e-09,4.66171869614458e-11,6.470431186317577e-11,2.5875692689533273e-09,1.0011681886606062e-09,3.7374268455947354e-11,4.217009050687648e-11,222
7.471289210157109e-09,3.6538890660858515e-09,2.5798935104336662e-11,1.753379963096325e-11,4.358715285209835e-09,2.2521823002952413e-09,2.226265272309121e-11,2.75846935019442e-11,226
5.268200482861728e-09,3.937875745149111e-09,4.397749991526915e-11,2.9951408299668927e-11,3.549860883743804e-09,2.4278009779259985e-09,1.3928672521432526e-11,7.719567872593276e-11,230
6.812440693226058e-09,1.4940493435967304e-09,1.2646731108664813e-11,1.4385370191527442e-11,3.060993149592278e-09,8.115076175710217e-10,3.175100702899535e-11,6.262640348088196e-11,234
6.5136954401207646e-09,2.649499623008449e-09,1.8088332512814633e-11,2.321398618572631e-11,3.0219262326897065e-09,1.2037199867680778e-09,2.209396043182567e-11,1.9236468472344654e-11,238
6.431435491268111e-09,1.4541820274183807e-09,1.9572648471809953e-11,3.0667212335857154e-11,4.071066733613027e-09,7.493514237035058e-10,3.779011675493474e-11,2.9399209132623146e-11,242
6.540238126781027e-09,1.8314701472982016e-09,1.594651189226396e-11,1.1432362736714292e-11,3.3547859674742935e-09,5.967531217057786e-10,1.3449283691217587e-11,7.551417959619201e-12,246
4.116673906832589e-09,2.658920762390176e-09,3.145686597282113e-11,4.123330796165419e-11,3.16714909491128e-09,1.0709157722021387e-09,2.0807343463739392e-11,1.0130380741363407e-11,250
6.165813204383399e-09,3.675596375366787e-09,1.1742187448590598e-11,6.847356320607567e-12,2.737441884022703e-09,1.3936182006889445e-09,8.989150571709057e-12,6.537444110011088e-12,254
5.046103611666947e-09,1.6672744982365816e-09,7.631174461790401e-12,1.786350900365581e-11,2.233927215561561e-09,8.407651363007718e-10,2.0627430630584726e-11,3.4389363733349436e-11,258
6.285464750885652e-09,4.913829894201542e-09,1.0170976042140342e-11,1.2199080432493824e-11,2.9933989600421345e-09,1.8857973790186765e-09,5.130488192158493e-11,4.9552617780388716e-11,262
5.141831380875797e-09,2.3649930001640707e-09,2.178946568190953e-11,2.3493544429899447e-11,2.181768950930349e-09,1.2024233961936251e-09,3.0294099788929714e-11,1.4446506827426277e-11,266
4.4067207075872245e-09,9.773665026849005e-10,1.2210434404546297e-11,1.111651613803128e-11,2.3391950085564956e-09,1.031599587830894e-09,2.27874721160326e-11,2.564046014892043e-11,270
4.580048202178027e-09,2.104310221760664e-09,1.7491520605034895e-11,1.1021308193186465e-11,2.3967776353984115e-09,6.933511501003617e-10,1.1586537931851832e-11,1.4050159073431027e-11,274
4.215715789994537e-09,1.710287110747347e-09,2.081650742171079e-11,3.111204545227149e-11,2.363136930112199e-09,1.0530879466538446e-09,9.035355535653552e-12,9.701299122362246e-12,278
3.971889182092063e-09,2.4560459171003622e-09,1.505687330965469e-11,1.7593420786111144e-11,2.182244319718085e-09,7.949848479999215e-10,5.1792125215978e-12,1.1609773915869752e-11,282
4.068511159552509e-09,2.0755697423358168e-09,1.636963497946071e-11,1.5981204143910918e-11,2.6346457333530577e-09,3.7495829813193335e-10,1.3375952677697394e-11,1.5722072134977535e-11,286
2.583514049873391e-09,1.6436051508257975e-09,1.2206396225481935e-11,1.8856955273626713e-11,2.1978967973675252e-09,6.948857037043939e-10,1.3895729566540682e-11,8.225519204502992e-12,290
4.057239641660561e-09,1.7394841232379923e-09,1.7527667289054317e-11,2.3869233818861057e-11,1.9127627863863285e-09,1.0681658185934865e-09,9.849488219204717e-12,1.495516333746702e-11,294
4.3491877637303735e-09,2.739409115750119e-09,1.5623021194278927e-11,3.6824129695165625e-11,1.809140371224853e-09,1.0209833228447225e-09,2.6049338965376455e-11,1.9263623696910456e-11,298