1.2101591625237314e-05,2.5081592715563627e-06,3.6784382095465524e-07,5.0283399460438526e-08,30
9.705247435456296e-06,1.2772986634175258e-06,2.4794934332938945e-07,3.755212701787891e-08,34
8.137091315384555e-06,1.3933040004850017e-06,1.5191617058660412e-07,2.2319011989804496e-08,38
5.743250645474453e-06,1.255674307041678e-06,1.1215433618183239e-07,1.713465909054693e-08,42
5.587890784028489e-06,1.074778013387532e-06,7.770899603328745e-08,7.966870131535494e-09,46
4.535926717128069e-06,1.5329598739100945e-06,5.483576378114328e-08,3.958949867449634e-09,50
3.983672308081956e-06,6.429859095578161e-07,4.1982849177605254e-08,2.0955579713728134e-09,54
3.75680270802498e-06,4.168964505994425e-07,3.343561223395948e-08,4.33217077127756e-09,58
2.992140080363977e-06,4.3259166746245526e-07,2.6272875919782975e-08,7.419737979484034e-09,62
2.9864430262262526e-06,3.91704478173161e-07,2.1407601845174045e-08,3.5548351736261616e-09,66
2.3627884065701757e-06,4.365595869285335e-07,1.5869959309561392e-08,9.950759040465868e-10,70
2.3872469096014535e-06,3.031039647156794e-07,1.2735576188989005e-08,1.4891666863467929e-09,74
2.032868464927012e-06,2.634709419618983e-07,1.0657991549371847e-08,2.393196700387943e-09,78
2.013230740291252e-06,4.0771160882661384e-07,9.543064852770507e-09,1.5388532786668111e-09,82
1.711062756794567e-06,3.8099558512716104e-07,7.320006400229783e-09,1.0801247226424534e-09,86
1.526971486911203e-06,2.0706078036329553e-07,6.4553544869045474e-09,7.598920175814842e-10,90
1.4394012786677558e-06,1.7712095554610656e-07,5.622446375623225e-09,9.988218969949007e-10,94
1.4111930585334535e-06,2.8030724827781084e-07,4.992792806667321e-09,7.098758966784037e-10,98
1.198905131772347e-06,1.9689232648743324e-07,4.319764342245251e-09,7.262027730314879e-10,102
1.3130390561256569e-06,1.338915556109806e-07,3.71401514087746e-09,8.528242686309468e-10,106
1.0907900615090825e-06,1.89143254431529e-07,2.965457520047109e-09,5.957382845722554e-10,110
1.0416397688529827e-06,1.6903271300712817e-07,2.7621141382549586e-09,3.3773655909577795e-10,114
1.0625606043171486e-06,1.7006880942144887e-07,2.520162565793903e-09,1.4208025827577832e-10,118
9.021321952863696e-07,1.7150495590962322e-07,2.19828204283628e-09,5.061023075200545e-10,122
8.189934856813854e-07,6.073452475914776e-08,1.977004363528112e-09,3.022143114912291e-10,126
8.051142366372555e-07,4.587593662958764e-08,1.6487302754570512e-09,1.5933742177582512e-10,130
8.559844304052325e-07,1.5798927397427186e-07,1.5627576588789209e-09,1.5300751338635288e-10,134
7.855612120401617e-07,1.532472245535468e-07,1.4967381264993114e-09,1.3418015519736097e-10,138
7.000235805023955e-07,8.925191993399815e-08,1.1502590222933747e-09,1.3868317403626485e-10,142
6.995723538521541e-07,9.457059868745255e-08,1.1994215219334178e-09,2.124663962366784e-10,146
6.022472193404951e-07,1.0410620102122149e-07,1.0671866724926912e-09,2.4220764248735916e-10,150
5.948861316478094e-07,9.251710274040966e-08,9.649659931765799e-10,1.0394650558529551e-10,154
5.917149621384655e-07,5.842053628196319e-08,8.739069982365104e-10,1.5412158622473334e-10,158
5.551334163979368e-07,1.2254691593934824e-07,8.082374490813038e-10,1.983530194813784e-10,162
5.435825007372598e-07,9.002138584002868e-08,7.274532135751385e-10,7.290750728685057e-11,166
5.104094450973983e-07,6.374486949193127e-08,7.3320437521601e-10,1.3691142554293854e-10,170
4.602768504393309e-07,6.539177905880227e-08,6.350647312525241e-10,1.326424338894831e-10,174
4.4417669725444095e-07,2.0594574347418898e-08,5.862833269297978e-10,1.289032618539575e-10,178
4.5912219072333946e-07,1.44926247483942e-07,4.922355912461949e-10,1.2593938777144624e-10,182
4.0942823115425314e-07,3.570399549274217e-08,5.162996661079164e-10,9.616162085132755e-11,186
4.464476167897109e-07,3.699186540613245e-08,4.17878089861735e-10,4.568632270301916e-11,190
3.8023106100260536e-07,7.898052405388509e-08,4.5012950343918917e-10,3.9011669318761083e-11,194
3.9642518796861936e-07,9.159550915435525e-08,3.907555164395675e-10,6.538418328797308e-11,198
3.8344010516006827e-07,6.488391132488852e-08,3.84243735163335e-10,4.3812952479870246e-11,202
3.47987044278887e-07,2.0674339822185132e-08,3.7526552675544436e-10,8.508448478651167e-11,206
3.4732275896769365e-07,4.5793162346351584e-08,3.498364880452687e-10,3.3983454399652635e-11,210
3.5775498241845657e-07,5.465649462837375e-08,3.5770054219318667e-10,6.664573167344896e-11,214
3.0058470649258204e-07,3.7162036831620836e-08,2.9914066850551847e-10,4.692478792548481e-11,218
3.0606882882594524e-07,4.3084972086882204e-08,2.515643662305604e-10,3.9863597711074214e-11,222
2.844691653448376e-07,3.082325018540767e-08,2.8956060112274193e-10,3.2447431427772523e-11,226
2.6783562415726395e-07,5.0914342947736746e-08,2.1956958640865685e-10,2.178832783343868e-11,230
2.5476047085272617e-07,5.787560745152061e-08,2.3764448778087114e-10,1.9561853431819233e-11,234
2.622920417504131e-07,2.277519456945769e-08,1.9834737920016707e-10,6.647003698297605e-11,238
2.496694986817343e-07,3.290070343840794e-08,1.8160201354839398e-10,1.8306973470406645e-11,242
2.627146844045219e-07,2.736761139427163e-08,1.8302574200925902e-10,4.7606346040803606e-11,246
2.622590695260588e-07,3.414253198911434e-08,1.7907340677369635e-10,3.22648249977384e-11,250
2.379412590663068e-07,2.9172937197153803e-08,1.7765299189926085e-10,2.5754607591151984e-11,254
2.3221213345554413e-07,2.4771053471640582e-08,1.413355439853569e-10,5.29521174732122e-11,258
2.2947213451341085e-07,3.199356439519796e-08,1.485014848509666e-10,5.750508136637467e-11,262
2.1242347221077347e-07,2.1076265129633606e-08,1.3084785897717933e-10,2.521292846601287e-11,266
2.3017006156603142e-07,3.702328506305239e-08,1.203420042394354e-10,2.1778631934382696e-11,270
1.948811701098216e-07,4.684039198928962e-08,1.2605318726943553e-10,3.220043352243493e-11,274
2.0475029806508524e-07,1.3621242093168295e-08,1.1754044146346654e-10,3.964831354893828e-11,278
2.0912831546466803e-07,7.817091303491014e-09,1.3524289432515665e-10,3.6721272481650095e-11,282
2.091165539279993e-07,1.49380809687758e-08,9.738677722462212e-11,2.083894057782951e-11,286
1.857887691515014e-07,3.394861451580623e-08,1.2600790768042318e-10,2.9147402079173034e-11,290
1.7800529451053473e-07,2.5042849770974632e-08,1.0003832194287591e-10,2.6684481369445913e-11,294
1.781061619382976e-07,3.013025607213589e-08,9.001161024941198e-11,1.0575212896059095e-11,298