0.10335093054339814,0.10335093417300054,0.10335092929716025,0.01158916739208342,0.01158916757805652,0.01158916708918744,30
0.08223675321091307,0.08223675502884872,0.08223675192541713,0.0075950413422619725,0.00759504148550038,0.007595041092622696,34
0.06710685869560362,0.06710685917971732,0.06710685806703325,0.005191059717992405,0.005191060426697199,0.0051910596309567595,38
0.055878920220401654,0.05587892067569456,0.055878919764572585,0.00367307566430263,0.0036730759197066837,0.003673075494474487,42
0.04730689146752974,0.04730689158157244,0.04730689103140974,0.0026754898704041113,0.002675489910241062,0.00267548979486124,46
0.040607254549293384,0.04060725485135082,0.040607254449175026,0.001997411319486598,0.001997411374651469,0.0019974112536987653,50
0.03526681884489117,0.03526681897061337,0.03526681844039531,0.0015230303997343974,0.001523030484871143,0.0015230303362072802,54
0.030937754109576714,0.03093775437643105,0.03093775407282997,0.001182790794979417,0.0011827908316227667,0.0011827907373693778,58
0.027377357174739436,0.02737735731143446,0.027377357004325566,0.0009334069992498453,0.0009334070255897147,0.0009334069877555199,62
0.02441198732900071,0.024411987396854955,0.02441198720603408,0.0007470963899636552,0.0007470964477881493,0.0007470963746493575,66
0.0219146807801781,0.021914680868663113,0.021914680625690117,0.0006055347630317363,0.0006055347696971411,0.0006055347397649212,70
0.019790813778168825,0.019790813807332185,0.0197908137587006,0.0004963410888557345,0.0004963410977843369,0.0004963410646261772,74
0.017968662505034608,0.017968662593307174,0.017968662404936258,0.0004109685134219515,0.0004109685194736624,0.0004109684934217534,78
0.016393036669353003,0.016393036736216393,0.016393036613819377,0.0003434017446849831,0.0003434017530156146,0.0003434017420478519,82
0.015020890538832748,0.015020890649724996,0.01502089045344461,0.00028933318165643796,0.0002893331901375084,0.00028933316853583927,86
0.013818239092137983,0.013818239117372639,0.013818239026132054,0.0002456288489943914,0.000245628861968544,0.0002456288415814824,90
0.012757953151657675,0.012757953191813332,0.012757953059186145,0.0002099758089058781,0.00020997581620330942,0.0002099757982995959,94
0.011818157573257902,0.011818157607527448,0.011818157512344649,0.00018064441406080334,0.00018064442336113826,0.00018064441140428834,98
0.010981050543869664,0.010981050553592536,0.010981050529624184,0.00015632561691794592,0.00015632562407772978,0.00015632561324867335,102
0.01023202270367966,0.01023202274852296,0.010232022665047528,0.00013601758350047282,0.00013601758841657246,0.00013601758219164266,106
0.00955899076230906,0.009558990784563286,0.009558990740356724,0.00011894571489279423,0.00011894571997535263,0.00011894571158701627,110
0.008951888809989511,0.008951888854418208,0.008951888787687996,0.00010450539457377759,0.00010450539790211302,0.0001045053923723324,114
0.008402275462869082,0.008402275474331818,0.008402275431286526,9.222050049298803e-05,9.22205035199638e-05,9.222049690984153e-05,118
0.007903027690952923,0.007903027715269687,0.007903027657584362,8.171300331648663e-05,8.171300667537403e-05,8.171300173400169e-05,122
0.007448100042173431,0.007448100057371243,0.007448100027137124,7.268045428258588e-05,7.26804576481176e-05,7.268045342534203e-05,126
0.007032334156745718,0.007032334162659887,0.007032334132257342,6.487911477957313e-05,6.487911773701393e-05,6.487911173941357e-05,130
0.0066513060506192875,0.00665130607377048,0.0066513060435778515,5.811124505956342e-05,5.811124577601659e-05,5.811124390831103e-05,134
0.006301203809948497,0.0063012038350565795,0.006301203786908396,5.2215400961217544e-05,5.22154015994264e-05,5.221539821337934e-05,138
0.005978727985844272,0.005978727998089313,0.00597872797511685,4.7058977825604e-05,4.7058978623168995e-05,4.7058976382171094e-05,142
0.0056810109338511165,0.005681010940536585,0.0056810109272888935,4.253246138805632e-05,4.253246200775465e-05,4.2532459089859314e-05,146
0.005405550324674945,0.0054055503436210494,0.005405550319372761,3.854490547052337e-05,3.8544906200134e-05,3.854490505487148e-05,150
0.0051501543761183575,0.0051501543823646925,0.0051501543600429855,3.502042253421886e-05,3.5020423857520507e-05,3.502042088298989e-05,154
0.004912896637983868,0.004912896648161753,0.004912896634002755,3.189537535541027e-05,3.189537648307801e-05,3.1895374844067765e-05,158
0.004692078079572809,0.004692078092478229,0.004692078072816764,2.9116161645000584e-05,2.9116162585113345e-05,2.911616134339779e-05,162
0.004486195490404837,0.0044861954917635,0.004486195467550734,2.663744249203721e-05,2.6637442841674148e-05,2.663744158397614e-05,166
0.004293914874583009,0.004293914883302,0.004293914862835202,2.442070224655342e-05,2.4420703080178126e-05,2.4420701602324445e-05,170
0.004114049035988648,0.004114049054720809,0.004114049023979157,2.243310391453696e-05,2.2433104743157053e-05,2.243310305755929e-05,174
0.00394553848571513,0.003945538493799269,0.0039455384833591905,2.0646544467345916e-05,2.0646544738992025e-05,2.0646543763431982e-05,178
0.0037874351567667146,0.0037874351681657726,0.0037874351510856132,1.9036881462187765e-05,1.9036881619699626e-05,1.9036881004317048e-05,182
0.003638888679529795,0.0036388886873051345,0.003638888675476155,1.7583313046253664e-05,1.758331335659357e-05,1.7583312700289417e-05,186
0.0034991344656508435,0.0034991344713748195,0.0034991344593309323,1.6267856195669246e-05,1.6267856657911395e-05,1.6267855757492292e-05,190
0.0033674833568889707,0.0033674833606160944,0.003367483353720062,1.5074910522512054e-05,1.507491118341048e-05,1.5074909881803626e-05,194
0.0032433130100187266,0.0032433130148543125,0.0032433130022315633,1.3990910281569672e-05,1.3990910600930871e-05,1.3990909831112753e-05,198
0.003126060106182537,0.0031260601115809163,0.003126060097515906,1.3004018342782225e-05,1.3004018714381347e-05,1.3004017976631193e-05,202
0.003015213766313759,0.0030152137749792206,0.0030152137573273494,1.2103883802414851e-05,1.2103883964636751e-05,1.2103883439471608e-05,206
0.0029103097608661316,0.0029103097666092256,0.0029103097585529963,1.128142638289349e-05,1.1281426746947437e-05,1.1281426098571509e-05,210
0.002810925486891299,0.002810925492275087,0.0028109254838834044,1.0528664678147613e-05,1.0528664868996293e-05,1.0528664424689953e-05,214
0.0027166755269244975,0.002716675533032808,0.0027166755211538284,9.83856335343992e-06,9.838563682847235e-06,9.83856272911061e-06,218
0.0026272077650858756,0.002627207768462309,0.0026272077597863184,9.204907040978061e-06,9.20490727887601e-06,9.204906941146279e-06,222
0.002542200009082408,0.002542200011346415,0.0025422000027501427,8.622192520137934e-06,8.622192783372751e-06,8.622192042957716e-06,226
0.002461356925096401,0.0024613569307330926,0.0024613569204057053,8.085537224963125e-06,8.085537559774277e-06,8.085536961569262e-06,230
0.0023844074309817467,0.0023844074327528837,0.002384407427637749,7.59059935289588e-06,7.590599526266317e-06,7.590599162349171e-06,234
0.002311102309746345,0.0023111023132782035,0.0023111023058938127,7.133510164836816e-06,7.133510261979123e-06,7.133509872134243e-06,238
0.002241212098114417,0.002241212101629474,0.0022412120953516027,6.710815713785554e-06,6.710815996658102e-06,6.710815525294935e-06,242
0.002174525279747478,0.0021745252840355824,0.0021745252782154182,6.319427314588665e-06,6.319427434407796e-06,6.319427130709297e-06,246
0.00211084656590718,0.002110846569272272,0.002110846561992773,5.9565764033e-06,5.9565766740795e-06,5.956576093540982e-06,250
0.0020499954386390047,0.002049995440011979,0.002049995436907905,5.619778530122463e-06,5.619778823176938e-06,5.619778431593501e-06,254
0.001991804834764776,0.001991804837438839,0.001991804831596603,5.306799893866871e-06,5.30680008525607e-06,5.3067997355689784e-06,258
0.0019361199260702474,0.0019361199279162317,0.0019361199219926177,5.0156270653959855e-06,5.015627160392287e-06,5.015626818409884e-06,262
0.001882797083288546,0.0018827970847170763,0.0018827970805400892,4.7444450224076125e-06,4.744445139832016e-06,4.744444878837469e-06,266
0.0018317028927385078,0.001831702895898848,0.0018317028905559946,4.491613613729628e-06,4.491613733469492e-06,4.491613490108822e-06,270
0.0017827132959083408,0.0017827132987339445,0.0017827132926642184,4.255648108148455e-06,4.255648444276188e-06,4.255648007031544e-06,274
0.0017357128282585526,0.001735712830431056,0.0017357128258207919,4.0352034299284264e-06,4.035203525643514e-06,4.035203314708942e-06,278
0.0016905938848712741,0.0016905938865029375,0.0016905938822112786,3.829058751891258e-06,3.829058860092608e-06,3.8290586649724145e-06,282
0.0016472560873332701,0.0016472560892233732,0.0016472560865303017,3.6361042236125407e-06,3.636104266589233e-06,3.636104162361588e-06,286
0.0016056057288716095,0.0016056057295838675,0.0016056057271876564,3.4553304387602738e-06,3.4553305397976925e-06,3.4553303977847123e-06,290
0.0015655552213598607,0.0015655552258623008,0.0015655552183189766,3.285817412814339e-06,3.285817553132616e-06,3.285817278878048e-06,294
0.00152702263267616,0.0015270226354452084,0.0015270226314095282,3.1267253434116794e-06,3.126725363844613e-06,3.126725288247745e-06,298