2.1449790812799052e-05,6.234579965793664e-05,4.887467670186595e-06,5.598394280730421e-06,1.2521630394729785e-05,2.8107422363757645e-06,30
2.81705421304896e-05,6.762887439678425e-05,8.335424511122652e-06,3.244872966573744e-06,5.166254480799202e-06,1.4001767157676322e-06,34
1.6176754423239617e-05,8.453901630832243e-05,7.297390092691688e-06,1.1722340594689443e-06,3.6803214307185204e-06,1.2271081135163117e-07,38
7.179856177672655e-06,1.5176440779869017e-05,3.724368993984497e-06,9.405928451098171e-07,4.082106197589245e-06,3.6522045502994954e-07,42
2.2954408397832676e-06,1.2556122543408184e-05,4.4059035776605726e-07,9.057338212525622e-07,2.6281692018019103e-06,5.622185043707839e-07,46
4.233296430469131e-06,1.7182455349660714e-05,2.5863360909063815e-06,7.419015309141518e-07,1.8033785639701249e-06,2.841952694472037e-07,50
1.794025289664996e-05,3.424815562132755e-05,9.060057946092113e-06,3.6452180462058606e-07,5.372927123403268e-07,1.2359666016386448e-07,54
1.5665445247969334e-06,9.708662598587588e-06,9.831459543619929e-07,3.589377033428703e-07,8.481133187818357e-07,1.0941413020562086e-07,58
2.6341078284143134e-06,4.295338536457036e-06,1.101915884859752e-06,5.2882061376665e-07,7.303734708928823e-07,8.090867939742932e-08,62
4.10708810372536e-06,5.945602995139475e-06,2.290001757013381e-06,2.602105449634624e-07,8.278939464043357e-07,1.2710791105288924e-07,66
5.313406635940216e-06,1.3787464050962392e-05,8.139240021521038e-07,5.9248157520601566e-08,2.064188325172543e-07,1.908054996019276e-08,70
3.3051760892989485e-06,6.357175764229509e-06,1.7378489326173495e-06,1.9395670734713537e-07,3.1401919159211947e-07,1.1046348784410279e-07,74
3.889955272839413e-06,6.478338653900896e-06,5.767758712450458e-07,2.319769594146683e-08,9.913004590231027e-08,1.146087773834372e-08,78
2.7924766888775953e-06,5.425838447935028e-06,1.4176638034952221e-06,9.177973291261595e-08,1.3728464443145363e-07,6.464125001792189e-08,82
9.165948300311503e-07,2.4066589332534638e-06,7.570052189128792e-08,2.6344354896630354e-08,3.178888063204878e-08,9.589385811527911e-09,86
1.928633683013604e-06,6.12579762479026e-06,1.687523842926523e-07,1.390075774349907e-08,6.948661791937477e-08,5.545597972454275e-09,90
1.4925355935342363e-06,1.7531442342338043e-06,6.068229807080728e-07,1.0938959451236996e-08,5.696821321784609e-08,8.911964186234241e-09,94
4.843234224277644e-07,9.602827471876016e-07,1.8799748266768798e-07,5.332057316337869e-08,9.1598869861381e-08,3.279397558542691e-08,98
2.39956338884244e-06,2.7987267151039627e-06,7.674482014384834e-07,2.3911569847084948e-08,6.252502366672583e-08,2.2106166662007617e-09,102
2.600029163398028e-06,2.9480943680589574e-06,4.194938546595362e-07,3.117466529453046e-08,4.829133037438566e-08,1.2404412710138871e-08,106
1.208899807384646e-06,1.9621374855809364e-06,4.84977124762005e-07,1.9363130307432025e-08,2.4727826037682364e-08,5.715012582804962e-09,110
1.1464220186740804e-06,1.986713383295059e-06,6.745358550151825e-07,1.772361482934589e-08,4.4710277926025844e-08,1.1823769791698551e-08,114
5.731895793552235e-07,1.5527088798369288e-06,1.382895008331353e-07,7.758134123454634e-09,3.071557277955441e-08,9.888946823307671e-10,118
2.596884878017498e-07,1.2588608123129895e-06,1.2362731828365618e-07,9.44437316973175e-09,2.9218630369155838e-08,1.2906059289179607e-09,122
2.2298181317871502e-07,4.137170313258539e-07,4.7968367644117117e-08,8.124363208762967e-09,4.6493712023774025e-08,3.0656241214558463e-09,126
4.456258507531587e-07,1.414362699589794e-06,1.0040210143141651e-07,1.2187046560098095e-08,2.0395162611969278e-08,1.1927160024451715e-09,130
3.9755486845910677e-07,8.10691286391321e-07,1.0617011276374373e-07,5.094383607297625e-09,3.915586722843704e-08,2.5310134756568387e-09,134
4.904026517401388e-08,4.863238995478715e-07,3.2696860785989374e-08,2.4922885860267054e-09,8.350947003254513e-09,4.82709626682919e-10,138
7.294716903280061e-08,3.1218679042891297e-07,2.7071449930358704e-08,6.721622375027367e-09,8.509400521663831e-09,2.1869048442978882e-09,142
5.671695346430997e-07,9.054999056099842e-07,2.454158434542107e-07,4.155778054996645e-09,6.0381737782395664e-09,1.4323439604085008e-09,146
9.23004825943778e-07,1.5234763721469993e-06,8.597080031429434e-08,2.9089542841530902e-09,2.047442683826472e-08,6.113915473611032e-10,150
2.2020891345118693e-07,8.764139234154601e-07,3.6041817727497657e-08,5.931826664914601e-09,1.961465014850107e-08,3.3546862025863276e-09,154
1.722912031852479e-07,3.319319140045738e-07,1.2160589276287248e-07,6.251511395780368e-09,7.736049764197237e-09,1.6656412358528127e-09,158
2.800878966188373e-07,5.30875691471933e-07,6.819735257867388e-08,3.878754200792505e-09,7.174685700287768e-09,2.1677574260211313e-09,162
1.668820187932899e-07,2.988194987941232e-07,7.0453656689865e-08,9.980003236022118e-10,3.908028131886832e-09,8.38094868277814e-10,166
5.504108525559863e-07,7.123924870387171e-07,4.0239313353017097e-07,2.152976259520256e-09,4.979324334694881e-09,1.0316575755741266e-09,170
2.5304283497562574e-07,1.8143514804075428e-06,4.995307858734554e-08,3.791395169203026e-09,8.098481227338014e-09,2.102069714210318e-09,174
2.803823821360713e-07,4.2308752738554546e-07,5.629889000351993e-08,1.2043245427947155e-09,4.475655993116186e-09,8.04483988205452e-10,178
2.2589844979639964e-07,6.694687374447216e-07,8.50804727132243e-08,1.7638932303986886e-09,2.4271556991626848e-09,3.5965177394324626e-10,182
3.2224303072306606e-07,6.437480156170388e-07,1.7674296303243234e-07,1.3497865689294442e-09,2.059531019873089e-09,2.9210513694641345e-10,186
5.3456743175884765e-08,2.0143874003185163e-07,2.4762539289563897e-08,3.554799247932936e-09,6.308393925698102e-09,1.2159008581118234e-09,190
2.0686362828739655e-07,5.019198376263233e-07,3.0404485741500085e-08,1.7112027467711756e-09,3.1966767731349922e-09,1.0141717326367892e-09,194
1.1904817360687224e-07,7.779876924648731e-07,3.6382158674555855e-08,3.9394815437085637e-10,2.899863534906468e-09,1.3605005257420344e-10,198
2.0608759044651464e-07,4.999544547995699e-07,2.9604280546158925e-08,3.3084299365498355e-09,7.307748678977861e-09,1.5367716425858236e-09,202
1.1864022808719054e-07,1.954858358120642e-07,5.05443345448295e-08,9.28027514713433e-10,1.9177902482900187e-09,6.572669716181105e-10,206
2.5794001387112636e-07,4.279642148988669e-07,1.8620741058915112e-07,2.0277949106004593e-09,4.067111457119219e-09,8.778909152713927e-10,210
1.4569968480194806e-07,3.189014910543844e-07,8.493329721059717e-08,2.44365447672563e-09,5.249345049721982e-09,1.0956562110909023e-09,214
1.4375724954990839e-07,2.712947120661315e-07,7.730186571336367e-08,9.201933198578507e-10,3.3139821310206333e-09,2.0443853879507953e-10,218
1.3941542676664946e-07,2.7530369966909786e-07,3.413511167171528e-08,2.4445964222487767e-10,3.9989326865985526e-10,1.6463337833951804e-10,222
1.1650588874377819e-07,5.122403310071819e-07,2.9041459722875744e-08,5.176514950480775e-10,1.3130969920094167e-09,3.5912589692497413e-10,226
9.012076943897617e-08,2.641947018785343e-07,3.7531953545443806e-08,6.54961611939263e-10,1.6467852286165089e-09,1.7521220827624365e-10,230
1.5949959420545965e-07,2.1652832410578637e-07,4.3855552286198174e-08,2.958532638283701e-10,1.557067780970937e-09,3.3189786593795024e-11,234
2.8637036494814855e-07,3.9382644979467526e-07,5.0027330216829246e-08,5.336229284311534e-10,1.3922075414414605e-09,3.65907928570343e-10,238
1.3537362798943716e-07,2.7867346567887135e-07,6.399735448222183e-08,9.095539592577052e-10,1.3980377871791612e-09,2.751399651276114e-10,242
7.631484926410325e-08,2.485541397290481e-07,3.0245488686434234e-09,2.5302203204084706e-10,4.504569553164981e-10,9.329873164526005e-11,246
2.4561420691694223e-07,2.868765611179239e-07,1.8364780698454516e-07,2.4066400275661956e-11,1.0472678976114641e-10,5.4602495612813106e-12,250
1.5055395865136394e-07,2.228292420593985e-07,1.201577373153325e-07,1.0785263205023263e-09,1.7647937567193953e-09,3.7322416443248785e-10,254
1.9039053271399885e-07,3.1073187891358233e-07,5.3849711848133375e-08,6.428648133718571e-11,4.863735192327254e-10,2.425197374649112e-12,258
6.020290429592626e-08,1.775792292144842e-07,4.022915245064277e-08,1.6381887805682854e-10,2.679280267022624e-10,5.42128969306518e-11,262
1.1227545564620022e-07,2.3679347783532542e-07,4.012991550081021e-08,2.3624887941588146e-10,3.4754075032887435e-10,6.336345920539784e-11,266
5.3464558203545585e-08,6.584601658899606e-08,3.160587141019948e-08,2.767663509308266e-10,4.864263327824421e-10,4.251277877997888e-11,270
7.755404786763293e-08,3.5071907303718393e-07,2.2745385861270363e-08,3.7150594313474135e-10,1.1722109183311056e-09,2.0248398263050197e-10,274
9.049841860963933e-08,1.223057585689961e-07,8.681892409413139e-08,1.6113801947712264e-10,2.3174870019203427e-10,8.083879689099967e-11,278
3.876183239454002e-08,3.2455218309189546e-07,4.5322463717496815e-09,3.289005324969416e-10,6.330680359431466e-10,2.6190204161073395e-10,282
5.5175746524254654e-08,9.170063337366051e-08,2.4241725410146255e-08,1.959008373064916e-10,3.733378601530999e-10,6.796400446886515e-12,286
4.4900674552579084e-08,1.4689875254783364e-07,2.8250462313748475e-08,2.2967905987600387e-10,6.752336101462103e-10,4.542265961421557e-11,290
1.3706849392932168e-07,2.5926699259508587e-07,2.1126290974435686e-08,3.5506428260710305e-10,4.39042714242713e-10,6.100474146582321e-11,294
6.56639540990529e-08,9.626086632693354e-08,4.9186110307151593e-08,1.2855179834905957e-10,5.557094301867712e-10,2.8923193402763336e-11,298