3.629818416461586e-05,0.0001471558526354979,1.1144994655614907e-05,1.0689453845360865e-05,1.569308086297502e-05,3.452330331420441e-06,30
0.00014591323251220432,0.00035182238471206966,2.3272907848523086e-05,2.599530408518273e-06,5.82585318019979e-06,9.952545310645949e-07,34
0.0001418094532661709,0.0002165125937120375,7.334203381308881e-05,4.966393770661037e-06,9.9075014679563e-06,1.4982546230127656e-06,38
2.3209151987486684e-05,3.784895398903886e-05,5.90632377078722e-06,1.9497214967401253e-06,5.866907727245804e-06,7.548543839603515e-07,42
7.634245719701573e-06,9.434437463424789e-06,6.8389355861683656e-06,8.025712982465868e-07,4.585395261342537e-06,5.829888984351869e-07,46
8.95148427455628e-05,0.00012713403039968878,7.173850261465343e-05,1.9099937364677753e-06,2.635040983555084e-06,2.1786773144899145e-07,50
4.397178589716411e-05,7.023461546118903e-05,1.7037472580452056e-05,1.582997827320286e-06,8.725545581612933e-06,5.890320181537908e-07,54
3.1244870382890565e-05,8.400683212826143e-05,1.6785264273447224e-05,1.429604717887244e-06,4.583882043297767e-06,8.399252907524444e-07,58
6.940917193328253e-06,1.8119147549258334e-05,3.0911091399475154e-06,7.710099123030213e-07,1.6039559519675803e-06,1.4697055454227525e-07,62
8.126321174845787e-06,2.3478391591978307e-05,2.4255668024941812e-06,6.543487583397156e-07,1.2678739781659564e-06,3.1322426260597796e-07,66
8.856003645173545e-06,2.0193097276128604e-05,1.4012568452577336e-06,1.48277776014766e-07,5.864736065331303e-07,2.7234089884423294e-08,70
5.463045156545225e-05,6.334168633343612e-05,2.4421577832706602e-05,1.2103744715353481e-07,8.902474286571373e-07,5.216950168310919e-08,74
3.2265586112615056e-05,6.590274690309826e-05,2.5626732322067396e-05,4.655095195738121e-08,8.706364110007543e-07,2.8879057721383043e-08,78
4.462303837215716e-05,7.993400875491602e-05,2.5452472998252243e-06,1.4427463144067765e-07,4.2032655679313614e-07,1.1117216110585062e-08,82
1.4946884988801743e-05,4.7446645887522115e-05,4.623386624397422e-06,3.2501852537370504e-07,4.969483684905791e-07,1.3674608201067244e-07,86
6.742952266078788e-06,1.6725955021808607e-05,3.5918485373198086e-06,2.137903861910894e-07,1.2201189564742194e-06,1.3843655967243487e-07,90
1.5196055713335355e-05,3.4450290860532325e-05,5.572911476073294e-06,1.745094669247069e-07,4.882586821930778e-07,1.1764857985620939e-07,94
1.7246448615468413e-05,4.572942139154421e-05,7.1214537256465285e-06,1.1387816247697125e-07,2.50962339344591e-07,7.857186087714348e-08,98
3.390878212717028e-05,4.269723062000355e-05,1.4947028059176005e-05,2.3445255589308543e-07,4.0046787449695693e-07,3.942481744890448e-08,102
1.3058327105826898e-05,2.7646370804292693e-05,4.3341171453907155e-06,2.838425516377767e-07,5.429378541317602e-07,4.062453722247317e-08,106
1.0453714042126976e-05,2.499339641947731e-05,2.9730827724706472e-06,9.781463569779303e-08,2.253837836903755e-07,4.0794336951506285e-08,110
5.391431802444473e-06,8.361144122026528e-06,3.7696311578876487e-06,9.545307873169171e-08,3.156237262112987e-07,4.0226129556755495e-08,114
2.0938415668797364e-05,2.9926226286943266e-05,9.102974591045863e-06,2.708165633965621e-08,8.039732206538573e-08,1.3888420661239542e-08,118
7.919183054979988e-06,1.9236792000282387e-05,1.012249983137776e-06,5.6433533265780226e-08,1.7266411622812158e-07,1.0962216659380444e-08,122
6.969638660603388e-06,1.1082013599419022e-05,1.4344272335700913e-06,1.7836215280190238e-07,2.5228943834826444e-07,5.535846491877058e-08,126
1.3350119124635384e-05,2.567955419375049e-05,1.1966075012782251e-05,1.0260860379310272e-07,2.5196185039780773e-07,5.739103849364785e-08,130
1.2130560059973317e-05,2.212819253153968e-05,9.203239279491543e-06,1.5299699108917622e-08,2.6752221414208648e-08,6.5981968148223855e-09,134
4.644519818368949e-06,9.303947646212592e-06,2.359909388144733e-06,8.758605162052903e-08,1.5656659303502895e-07,4.5457929057046944e-08,138
2.561253991394543e-06,8.723505119103565e-06,1.013866584968498e-06,6.205573637408238e-08,8.104729711309702e-08,9.53489600087426e-09,142
1.4815030709112827e-05,2.8409685003060546e-05,9.785069414691363e-06,5.362203241918779e-08,1.0397839333192585e-07,2.6822093810581037e-08,146
3.6585596105457135e-06,5.58078313969352e-06,1.3950549843265881e-06,8.481335985916487e-08,1.20041802573873e-07,5.1936160988122266e-08,150
1.1057539517127823e-05,1.634148276165101e-05,7.154057539228073e-06,3.2268784812732434e-08,4.5768907050982474e-08,2.7517067188918767e-08,154
6.147220519605261e-06,1.13739014681084e-05,5.251108929414184e-06,5.2744705290772536e-08,8.63916626709764e-08,1.2281615463309814e-08,158
2.8681894838109506e-06,6.053805618311513e-06,1.364620205749553e-06,5.017876641584017e-08,6.412092554886352e-08,4.357889081049874e-09,162
8.053257545115579e-06,3.016661365402179e-05,3.0554090456440136e-06,3.479639854783675e-08,9.314763997943896e-08,1.5111855572651252e-08,166
6.718916427740808e-06,9.458137687443864e-06,4.845321889625194e-06,8.824320047411766e-08,1.4440972527168745e-07,3.465854067065617e-08,170
9.831925073033449e-06,1.416438936984508e-05,3.280162841021971e-06,3.235986154297242e-08,4.7034247876555446e-08,2.172950269706564e-08,174
3.898247548117207e-06,6.5483597970532e-06,1.7555244477759421e-06,7.719993790983811e-09,3.4722326536193736e-08,5.576316884613225e-09,178
3.7555152331916496e-06,1.0638891377879009e-05,1.6072362898294859e-06,1.6277489883835604e-08,2.3258887928601966e-08,9.949661826327985e-09,182
5.861518294152707e-06,1.3435005403942402e-05,2.470616248322716e-07,2.205098486362163e-08,3.9533177467569354e-08,9.062090199016682e-09,186
6.736145275360072e-06,1.3238723135517854e-05,3.0081278911019697e-06,8.577146922478731e-09,1.9168409251084764e-08,6.460011505725954e-09,190
1.2959825287509558e-06,6.722194825661749e-06,5.605709971439269e-07,4.2038725887645204e-08,6.306888693763431e-08,1.047708648230148e-08,194
2.711968260567617e-06,4.409258130747046e-06,6.576303848022723e-07,1.3804945384237808e-08,5.46307108381334e-08,2.7796035394090897e-09,198
1.208412025362487e-06,3.568395720528471e-06,5.107910684474952e-07,1.2518113005644612e-08,4.161423283415025e-08,4.299745149856547e-09,202
1.6435631365943563e-07,1.8501966179856092e-06,2.843851272931341e-08,1.3689692595816587e-08,2.4724781078752244e-08,7.007666836429797e-09,206
6.1231665327294896e-06,8.484351572546543e-06,4.71052198411535e-06,1.2861271795683599e-08,1.9748936052456598e-08,5.3057473962483705e-09,210
3.6614189217831545e-06,8.857995103081933e-06,2.5111728461167556e-06,4.779890758727198e-10,2.8843644215181225e-09,2.59934023905354e-10,214
1.638694272368025e-07,2.523389774021911e-06,6.464971491831366e-08,3.0843530505877992e-09,1.8114978491961345e-08,1.5810669118932215e-09,218
5.78045570759589e-06,1.411037523030449e-05,3.53643166163574e-06,5.6417297635137564e-09,2.5170925553796643e-08,2.5095793129991137e-09,222
3.0735096646899856e-06,5.107200044741835e-06,1.5909215513567515e-06,3.6587011337134016e-09,8.180661322806973e-09,2.8141191329406038e-09,226
4.229282932074846e-06,1.2023170312171233e-05,1.2622187613630308e-06,1.0754653717721872e-09,3.2968382591521528e-09,2.834965510418813e-10,230
1.3560711978706938e-06,6.791209589306259e-06,6.534798388657163e-07,2.6726385432547846e-09,8.03952289990224e-09,9.328348384530538e-10,234
4.7576451724510035e-06,7.885035024957672e-06,2.7963272627291207e-06,8.126555767415004e-09,1.5598873344654856e-08,2.7035452370043548e-09,238
3.874586870897674e-06,5.882245534730061e-06,1.190224147873288e-06,8.166457123351665e-09,1.1883366056834126e-08,3.3597689098078755e-09,242
2.963887722755314e-06,6.610261013987995e-06,1.560785918106103e-06,3.5859316995476095e-09,4.876264239205047e-09,2.5735083279834986e-09,246
1.879644719175339e-06,3.6496008870116714e-06,7.94115093481526e-07,6.065082959522577e-09,1.773136561288304e-08,3.4551995413284465e-09,250
1.953428553633344e-06,3.458706426399857e-06,9.753601034241302e-07,8.403539591298046e-09,1.1751521572111981e-08,4.21865937730738e-09,254
5.27214706328009e-07,1.9345638768532492e-06,2.4569632111460486e-07,5.1162425158239805e-09,7.657055511448686e-09,2.6332990339555082e-09,258
1.337556272376799e-06,3.4928374868144748e-06,1.8354146386580296e-07,7.561455002195219e-10,8.801411458021992e-10,2.5218157064688927e-10,262
2.682884897222229e-06,4.445951249223044e-06,1.7235522699121403e-07,2.651283442645558e-09,8.207495889401283e-09,1.2847738616440996e-09,266
4.175254449994218e-06,8.11172571690265e-06,1.8361382870088673e-06,1.9236340866247844e-09,6.885413840754768e-09,3.4090797048802567e-10,270
2.004824559841168e-06,2.8197360251865607e-06,4.613649618082987e-07,4.747791328640404e-09,7.355270451651831e-09,2.178645794696047e-09,274
1.0011278657119945e-06,4.074489273774877e-06,2.3107431309754568e-07,2.592225509272062e-09,4.528977607359288e-09,2.1188992466856064e-09,278
2.5650988388083774e-06,4.064830774953341e-06,1.641142498395215e-06,1.1793320021027127e-09,3.2075441487548797e-09,8.795521835188897e-11,282
6.461686200179945e-07,2.022284804289245e-06,2.393864048876212e-07,2.116965076696471e-09,4.427788894290276e-09,1.370197671321332e-09,286
1.7563010858846228e-07,6.693182617489001e-07,1.3212456642997633e-07,4.193692386640874e-09,6.320363359445778e-09,2.1824383555349153e-09,290
3.287432664716928e-06,4.521800111897746e-06,1.8586133956953974e-06,2.507954525840738e-09,3.495097060936109e-09,5.76593236045065e-10,294
3.290855052099082e-06,7.012021522743574e-06,7.553672140688126e-07,7.313762439614532e-10,1.3957106105745964e-09,3.8951859224480703e-10,298