30
1.0575519433428366e-05 1.1344659005131472e-05
34
8.72700729874799e-06 8.695048442322035e-06
38
7.865998268538696e-06 7.639651004597515e-06
42
5.451501754786311e-06 6.327931071138054e-06
46
4.623443943846737e-06 4.356739582776169e-06
50
4.019538389346182e-06 4.581409078007591e-06
54
3.6576008247870265e-06 3.6787454825388392e-06
58
3.1525918898307596e-06 3.3555735858571053e-06
62
2.8599806858503574e-06 2.727326296001512e-06
66
2.9086497135459553e-06 2.769246196838576e-06
70
2.036673097684415e-06 2.437812096504091e-06
74
1.970766910327228e-06 1.8484882646831077e-06
78
1.7996819451790292e-06 1.7566822493575906e-06
82
1.4780269399124163e-06 1.664274713977324e-06
86
1.5715981297501487e-06 1.4157010045459662e-06
90
1.5215741793786369e-06 1.5057640978924934e-06
94
1.3150878889239215e-06 1.207314150497229e-06
98
1.096524830415385e-06 1.3679658621458946e-06
102
1.0127336382281347e-06 9.796438269837935e-07
106
1.002336745364916e-06 9.265300772103897e-07
110
9.656728827406067e-07 9.126306807296775e-07
114
7.845053996034882e-07 8.135291496514135e-07
118
8.088477811461769e-07 6.922249130879675e-07
122
7.6308469724217e-07 6.458674676678108e-07
126
7.39880435776809e-07 6.209519869931521e-07
130
6.904854522251923e-07 5.782137628914486e-07
134
6.980085852100391e-07 5.322187584026371e-07
138
6.011567744056291e-07 5.504280987972823e-07
142
5.638791238608677e-07 5.769025722312598e-07
146
5.094531331639252e-07 5.038792959940078e-07
150
5.044822585527788e-07 4.934149733756367e-07
154
4.776593546144356e-07 4.141608580427072e-07
158
4.224172374632326e-07 4.691099788024845e-07
162
4.06431527212978e-07 4.518053008651754e-07
166
4.101653541872293e-07 3.756524588098554e-07
170
3.7933029507121674e-07 3.6946600012565864e-07
174
3.5249150316224344e-07 3.5066960904351914e-07
178
3.135060298114903e-07 3.240335047251738e-07
182
3.1485657758123536e-07 3.3971261035030234e-07
186
3.086888114090689e-07 3.213675593676925e-07
190
3.006920423739401e-07 2.820917314878057e-07
194
3.2812507422485346e-07 3.00355445442384e-07
198
2.602643889064254e-07 2.4842978730008586e-07
202
2.801132259301365e-07 2.4216639805258885e-07
206
2.2834386145739824e-07 2.4504949868096083e-07
210
2.534003494451653e-07 2.1193669402020838e-07
214
2.1337997488599936e-07 2.1911572416369602e-07
218
2.2780034490877375e-07 2.0899904899079426e-07
222
1.9279407087417582e-07 2.4056520626965306e-07
226
1.941210189901041e-07 1.8739835421302355e-07
230
2.3114518864623846e-07 1.6677982889100282e-07
234
1.745889858049508e-07 1.8980744285977594e-07
238
1.966471036563505e-07 1.7597576180585766e-07
242
1.8513010954471047e-07 1.8470099595054918e-07
246
1.6552526536389642e-07 1.616943310973081e-07
250
1.6661404418369994e-07 1.5966160877549882e-07
254
1.548945981272717e-07 1.5392003760544154e-07
258
1.5353089997726204e-07 1.4583712717406135e-07
262
1.3232720638142084e-07 1.3160069050848476e-07
266
1.5091183961414994e-07 1.4159876541548336e-07
270
1.2275262681563863e-07 1.2229538840222908e-07
274
1.3923562121669143e-07 1.3093951024639538e-07
278
1.3090675349110827e-07 1.203545947426153e-07
282
1.2674891288738826e-07 1.256811550317746e-07
286
1.364052913485978e-07 1.2728333403249661e-07
290
1.1423265705286607e-07 1.29937076898999e-07
294
1.1516009658408181e-07 1.1547631064139837e-07
298
1.1534763103795022e-07 1.02249600177173e-07
302
1.0669482708786385e-07 9.977396380428441e-08
306
9.814973249730302e-08 1.096226900870066e-07
310
1.1248713874834153e-07 9.426902774513172e-08
314
1.1188650560941012e-07 9.364157495929563e-08
318
8.727243314918659e-08 9.720591791674031e-08
322
9.462122251915728e-08 1.009856084575451e-07
326
1.005363994286274e-07 9.108702767718743e-08
330
8.521975393170441e-08 8.528109920176213e-08
334
8.363174616568139e-08 8.403664897192393e-08
338
8.811112294971622e-08 8.285886899391091e-08
342
8.367208717895898e-08 7.37525465872709e-08
346
8.226208604145867e-08 8.084793005861827e-08
350
8.134913624356427e-08 7.009314246959057e-08
354
7.72001513674831e-08 7.405688685138272e-08
358
8.287044453693545e-08 6.356453595299961e-08
362
6.835332376725611e-08 5.850664622146353e-08
366
7.085809026209361e-08 7.571664178933898e-08
370
7.490418607080113e-08 6.132472295419185e-08
374
6.938853202675167e-08 6.353572400247873e-08
378
6.197394817332121e-08 5.611708689326245e-08
382
6.722279653176025e-08 6.12549282094912e-08
386
6.966905558309642e-08 5.811127084441221e-08
390
6.733872927266042e-08 5.727217153744012e-08
394
5.912373526500766e-08 5.702506726327575e-08
398
5.926342974994614e-08 5.6510327873218113e-08
402
6.0615368031611e-08 5.120726370465419e-08
406
5.602289378077043e-08 4.9321899271200575e-08
410
5.5510038074028824e-08 4.890474298785032e-08
414
5.633305107163517e-08 5.221886382412525e-08
418
5.8863927480858516e-08 5.653096935957374e-08
422
5.3734191975007993e-08 4.672344089464668e-08
426
5.8803448001966974e-08 4.9595776815295176e-08
430
5.2758135097649176e-08 4.583495959049846e-08
434
5.495465110065737e-08 4.390039526463165e-08
438
4.641794637668009e-08 4.283186632442038e-08
442
4.90110338163934e-08 4.4598809307410104e-08
446
4.375427184489018e-08 4.653833789854627e-08
450
4.90075564102913e-08 4.2175636881024826e-08
454
4.201015937088861e-08 4.3624100667716065e-08
458
4.7625634890010315e-08 3.780884638104345e-08
462
4.048710339376935e-08 3.977861463759687e-08
466
3.982762473466474e-08 3.957412302146574e-08
470
4.2655732172232876e-08 3.613289422157303e-08
474
4.2569040692275834e-08 3.495758757697935e-08
478
3.5175826337842507e-08 3.623210717897562e-08
482
3.885378074491769e-08 3.690920416127421e-08
486
4.454731331995635e-08 3.3812615837897584e-08
490
3.865340223916887e-08 3.4583005627427815e-08
494
3.4586368102686096e-08 3.402580096011005e-08
498
3.459203785678662e-08 2.75051248270212e-08
502
3.611990727410753e-08 3.111752788113761e-08
506
3.594336224336537e-08 3.098568939610978e-08
510
3.5404704149609514e-08 2.819001447722123e-08
514
3.3841380936307606e-08 2.6354239206966405e-08
518
2.9071034956820455e-08 3.0412844167126296e-08
522
3.4895961025761926e-08 2.91362063731248e-08
526
3.101407086623822e-08 3.18572399325989e-08
530
2.993088356988843e-08 2.7405838683758157e-08
534
2.7458433055764215e-08 2.8045849760227757e-08
538
2.9527569053474404e-08 2.5910497749213643e-08
542
3.149108875948549e-08 2.5161944109470074e-08
546
2.7896498906938403e-08 2.3457015074383844e-08
550
2.7537613443752617e-08 2.6232610488004052e-08
554
3.0136687141102206e-08 2.5584617401210117e-08
558
3.033442368675503e-08 2.502212229901769e-08
562
3.0381740905669204e-08 2.4897718119497904e-08
566
2.7378916470897872e-08 2.293243621027348e-08
570
2.8306018521238037e-08 2.213749361540264e-08
574
2.4630978994131743e-08 2.2431572497257238e-08
578
2.9457718616444428e-08 2.0788340132795314e-08
582
2.6053524258881436e-08 2.2141691226577037e-08
586
2.375836461057139e-08 2.092386348180121e-08
590
2.4228626172657983e-08 1.846420336375208e-08
594
2.5460915647563453e-08 1.8279253450736465e-08
598
2.4616336128350044e-08 2.152564161849314e-08
602
2.3677926612990853e-08 1.7015496041272077e-08
606
2.4461484435313378e-08 2.003824533044929e-08
610
2.562207180964591e-08 1.7458025430854222e-08
614
2.158623649759901e-08 1.8656724147349234e-08
618
2.1526983260384538e-08 2.060780590338365e-08
622
2.114262677841734e-08 1.567763588844091e-08
626
1.9548109379864117e-08 1.7275309946148862e-08
630
2.237679364562755e-08 1.822221970122303e-08
634
2.0503106845087593e-08 1.8471459458362917e-08
638
1.919295083171176e-08 1.743848985807919e-08
642
2.2157288380397782e-08 1.6513538574511535e-08
646
2.1004716591689364e-08 1.5448194289248473e-08
650
1.6729575151017417e-08 1.4926386223416386e-08
654
1.7807538016954994e-08 1.7231243285172606e-08
658
1.9075375364465917e-08 1.6686792030874525e-08
662
1.8908149225153955e-08 1.4972118715971527e-08
666
1.806614464979178e-08 1.440298383850683e-08
670
1.64742843304495e-08 1.3970521236759188e-08
674
1.8164533802789932e-08 1.578135188356451e-08
678
1.6086447246275458e-08 1.1347271345703093e-08
682
1.657990472019728e-08 1.4571923771804598e-08
686
1.7400988512525787e-08 1.2422724372532945e-08
690
1.6830306647281003e-08 1.332366036406229e-08
694
1.628014275496006e-08 1.3177406458088166e-08
698
1.627636661385978e-08 1.4233375856027153e-08
702
1.7222592225750292e-08 1.3115827467929021e-08
706
1.6620057453503188e-08 1.3345985532755768e-08
710
1.7868056700921216e-08 1.2559311811759415e-08
714
1.5498210654671274e-08 1.1935992378808143e-08
718
1.5612263424461957e-08 1.0835647094887794e-08
722
1.596497536843255e-08 1.338344066560266e-08
726
1.4675449083318591e-08 1.2204034543411002e-08
730
1.3652954469217614e-08 1.2075310386031573e-08
734
1.55158961363166e-08 1.1573557733291524e-08
738
1.3717574454161723e-08 1.1076471246480298e-08
742
1.456351178315525e-08 9.531145036563965e-09
746
1.3798090397221568e-08 1.0108627624223008e-08
750
1.5273405143000328e-08 1.062687844828475e-08
754
1.2955182996398344e-08 1.0629823416619577e-08
758
1.445398654190431e-08 1.131408990435285e-08
762
1.346339927871553e-08 1.0534979490705214e-08
766
1.1714423109241287e-08 1.0321971059744078e-08
770
1.3041681711795206e-08 1.0539386225711649e-08
774
1.4021080231204974e-08 9.424661376505106e-09
778
1.210963678179186e-08 1.0920978416523676e-08
782
1.2876711530081765e-08 9.133060615495891e-09
786
1.3978586528684699e-08 9.68182744783491e-09
790
1.1480661073618049e-08 9.089900568621107e-09
794
1.2449370615445782e-08 9.690149431138391e-09
798
1.405336411427913e-08 9.039481926205124e-09
802
1.2110644856728296e-08 8.988400646151645e-09
806
1.0512990565351988e-08 8.320360079605943e-09
810
1.0861839585692565e-08 7.926753833996547e-09
814
1.2337672554383626e-08 7.749957916347822e-09
818
1.0623507996451542e-08 8.71675638636263e-09
822
1.1115324483484826e-08 8.387012619192769e-09
826
1.3057814133599599e-08 8.036339692628741e-09
830
1.23781105744102e-08 9.156444124898003e-09
834
1.008946750058424e-08 7.381645202124983e-09
838
1.0620013056558454e-08 8.182313597640203e-09
842
9.867624106732137e-09 7.780788961833212e-09
846
1.0279641603690693e-08 7.754164509274398e-09
850
9.946304641871125e-09 7.812556316240832e-09
854
1.026285578873807e-08 7.364864348410641e-09
858
1.1462601090832117e-08 7.075163338189873e-09
862
9.045720607043195e-09 6.727194537767166e-09
866
9.75861150646418e-09 6.468056881502152e-09
870
1.083303088281925e-08 6.878304508004033e-09
874
9.59190400634005e-09 6.708844639211103e-09
878
1.0897785558793892e-08 7.1321884744061926e-09
882
9.313307109107832e-09 7.374823150730341e-09
886
8.400965903417857e-09 6.691181976004361e-09
890
8.764963351164409e-09 6.702708043188616e-09
894
9.577441807717642e-09 6.388303306463133e-09
898
8.97043810346691e-09 6.070346265931065e-09
902
7.737817342859097e-09 6.7599905680642135e-09
906
9.061611276402169e-09 6.316929578901476e-09
910
8.959758244241076e-09 5.4416287059564605e-09
914
9.157895216034242e-09 5.915146894969595e-09
918
9.387472530859958e-09 6.228003654804958e-09
922
9.19065764891231e-09 6.042038863321811e-09
926
7.912330638388395e-09 5.713032633756624e-09
930
7.777620854704321e-09 5.13241136097005e-09
934
7.34972150197529e-09 5.721598107798481e-09
938
7.814156087976698e-09 6.032064559643714e-09
942
8.026991937332435e-09 5.390678932341394e-09
946
8.239883402197838e-09 5.881078939271293e-09
950
7.444444703037801e-09 5.2188687451640596e-09
954
6.990431803677891e-09 5.6490137529707746e-09
958
7.934257361654566e-09 5.646666843442524e-09
962
7.516214433193259e-09 5.415941752350779e-09
966
7.132745559637912e-09 5.560946498617952e-09
970
8.203738433315839e-09 5.2160875624031506e-09
974
7.827984842186014e-09 5.205477227673861e-09
978
7.375952618302037e-09 4.81670770461442e-09
982
6.711207416166583e-09 4.947028545065129e-09
986
7.4234299990611495e-09 4.8013358517042665e-09
990
6.912602032914062e-09 4.5819103075842954e-09
994
6.683706894206018e-09 4.291128520640937e-09
998
6.103362768267664e-09 4.938560033777901e-09
1002
6.244600565774164e-09 4.979910152849966e-09
1006
6.3963542605074605e-09 4.489918918268911e-09
1010
7.624893416019523e-09 4.536119533775476e-09
1014
6.741833900374212e-09 4.917914525504566e-09
1018
6.474261628445225e-09 4.739173203566979e-09
1022
7.00038463778903e-09 4.3883553293338065e-09
1026
6.740216684780936e-09 4.384635065878577e-09
1030
6.925483109765553e-09 4.140212796133775e-09
1034
6.081191737544616e-09 4.164910080136816e-09
1038
6.433609180828416e-09 4.320909132789402e-09
1042
6.535555098333815e-09 4.58299875602305e-09
1046
6.1980117694346034e-09 4.128179239562351e-09
1050
5.631052132358065e-09 4.262001501855281e-09
1054
6.174603840705388e-09 4.011432176259055e-09
1058
5.847305477688066e-09 3.946558630893054e-09
1062
6.186524810421822e-09 4.094529396560526e-09
1066
5.061052830703186e-09 3.396676476945023e-09
1070
5.677975514203822e-09 3.804456492602472e-09
1074
5.352716808694348e-09 3.7687444088268e-09
1078
5.7052432942396386e-09 3.2737701842752192e-09
1082
5.574867414599972e-09 3.4808172954886144e-09
1086
5.794871213064147e-09 4.1330167524262085e-09
1090
5.2148557887450094e-09 3.538587214910523e-09
1094
5.6119030917083306e-09 3.202871805919161e-09
1098
5.480860145921878e-09 3.400685273791527e-09
1102
5.815438201963413e-09 3.1731750679815856e-09
1106
5.146076151453514e-09 3.2801044086490803e-09
1110
5.284168070046505e-09 3.3458554492505058e-09
1114
5.35840751208289e-09 3.171181171718813e-09
1118
4.922441096211262e-09 3.3765202449231156e-09
1122
5.355264498267237e-09 3.088910904203895e-09
1126
4.836344183017063e-09 3.130750653822581e-09
1130
4.723142502627292e-09 3.522962014665344e-09
1134
5.54494962144987e-09 2.919871827961858e-09
1138
4.911758088603625e-09 3.165594857479233e-09
1142
4.872839771035668e-09 3.3776571695934015e-09
1146
4.724668247508296e-09 3.125173948318743e-09
1150
5.3936310027815206e-09 2.9127031558155502e-09
1154
4.2207702992165696e-09 2.919330428746384e-09
1158
4.893323289473007e-09 2.9863911005373043e-09
1162
4.322292180389754e-09 3.0519662276982547e-09
1166
5.054185368486918e-09 2.94189472138944e-09
1170
4.556968618144014e-09 2.705904355939428e-09
1174
4.113372030686427e-09 2.9581947490370277e-09
1178
5.214864889238035e-09 2.8963279588916215e-09
1182
4.134770874179569e-09 2.720014998745489e-09
1186
4.156596137832689e-09 2.6635558104638213e-09
1190
4.335818612473443e-09 2.9348065637066274e-09
1194
4.2092896869644636e-09 2.8679344084510568e-09
1198
4.171370798691368e-09 2.6087811396296475e-09
1202
4.283502992623463e-09 2.484688829460709e-09
1206
4.042796831869889e-09 2.767351869684027e-09
1210
4.482455217610603e-09 2.7146499476708545e-09
1214
4.109405446678748e-09 2.610806201777817e-09
1218
4.218554640388491e-09 2.888764442089792e-09
1222
3.9632419959832985e-09 2.399641911978056e-09
1226
3.9107730466469314e-09 2.6274143172808707e-09
1230
4.2060834007867686e-09 2.370765747294243e-09
1234
4.025095035014104e-09 2.375135471623159e-09
1238
3.92296800505603e-09 2.4652306377681858e-09
1242
4.060851264473309e-09 2.354433093295199e-09
1246
3.8753655253453275e-09 2.2538698643199483e-09
1250
4.0649707174739846e-09 2.232576899119063e-09
1254
3.7026297705456547e-09 2.1006052603996803e-09
1258
3.822950475434764e-09 2.258329572601259e-09
1262
3.728193483322425e-09 2.0876931347340596e-09
1266
3.803172952431928e-09 2.0322524327378935e-09
1270
3.5657959725033474e-09 2.2720042308027768e-09
1274
3.822507580761317e-09 2.3552746216989183e-09
1278
3.859421604368606e-09 1.9032557494061594e-09
1282
3.858306083433108e-09 2.2532829815567787e-09
1286
3.9857656383413085e-09 2.3051322587750138e-09
1290
3.918337135633254e-09 2.359741916460076e-09
1294
3.5840783158536764e-09 2.251034465670566e-09
1298
4.16284706648251e-09 1.834115083918608e-09
1302
3.3451910572505433e-09 2.0266647314600837e-09
1306
3.6822611140070708e-09 1.8957711708697796e-09
1310
3.796216098743567e-09 2.036921163548238e-09
1314
3.3893923183848778e-09 2.1626182601075747e-09
1318
3.3238903161688476e-09 1.963572170005893e-09
1322
3.1713054375440857e-09 1.763077348751717e-09
1326
2.9668119547450304e-09 1.9692127141055935e-09
1330
3.2989761190933155e-09 1.7808750700231639e-09
1334
3.121988423930234e-09 1.9981114761815294e-09
1338
3.3863593179924795e-09 1.8424076512032754e-09
1342
3.237962406033722e-09 1.797499302611603e-09
1346
3.471384977943288e-09 1.7330004726244608e-09
1350
2.923549673004895e-09 1.9834967093709553e-09
1354
3.0569092725860414e-09 1.6443818288632733e-09
1358
3.5210897447760627e-09 1.7994850329325397e-09
1362
3.0042052676128987e-09 1.5496496925428946e-09
1366
3.0686427460982936e-09 1.8907592071615283e-09
1370
2.9006182165717543e-09 1.632270733337103e-09
1374
2.93266485205459e-09 1.7575986522727683e-09
1378
2.6891388554393194e-09 1.750691411646228e-09
1382
2.8893375971338832e-09 1.7835589508885223e-09
1386
2.655558612466833e-09 1.6690522016348237e-09
1390
2.9685553776431052e-09 1.6769198243181873e-09
1394
2.8890014427873837e-09 1.4325817801511148e-09
1398
2.834254705321266e-09 1.631598610622646e-09
1402
2.803061247213197e-09 1.7575992497816553e-09
1406
2.6462827101371358e-09 1.5995447040259773e-09
1410
2.94908090110943e-09 1.6138524003478866e-09
1414
2.7789258229800265e-09 1.5693355617803073e-09
1418
2.708873739689178e-09 1.6405106018185336e-09
1422
2.7350376651474556e-09 1.4591429611617375e-09
1426
2.738562366687257e-09 1.639491190464298e-09
1430
2.3236230237700263e-09 1.4631820256508846e-09
1434
2.7300113144429695e-09 1.4196166928587197e-09
1438
2.6455813369326564e-09 1.5414256604281386e-09
1442
2.4760111053636264e-09 1.4197500328778229e-09
1446
2.896199578170921e-09 1.5585967124146355e-09
1450
2.4729172753324668e-09 1.39957327483657e-09
1454
2.6373193271024147e-09 1.3233324873047618e-09
1458
2.346319560937926e-09 1.4264446268372444e-09
1462
2.954528469437952e-09 1.2734732950137275e-09
1466
2.5685773908560533e-09 1.3167369682700707e-09
1470
2.218436116881584e-09 1.5024755840663468e-09
1474
2.539617164808373e-09 1.346064037431682e-09
1478
2.566584270924229e-09 1.3756052889990656e-09
1482
2.3458175869420745e-09 1.3787516724259156e-09
1486
2.280448334173827e-09 1.501812788436676e-09
1490
2.2862292230922457e-09 1.2976869608656451e-09
1494
2.393572652999635e-09 1.4624198509647163e-09
1498
2.5722107073244618e-09 1.221467546989619e-09
1502
2.44346760436448e-09 1.2831639554558376e-09
1506
2.453203194124976e-09 1.4502733394564536e-09
1510
2.2765195383427655e-09 1.1865451790821238e-09
1514
2.2274984832784653e-09 1.244852935584919e-09
1518
2.1248229106999896e-09 1.1881016654179656e-09
1522
2.3397319316950526e-09 1.2464494257684866e-09
1526
2.41365013711473e-09 1.1054815592964545e-09
1530
2.1987694053234772e-09 1.4229855530411834e-09
1534
2.2378439541077365e-09 1.1186252370878407e-09
1538
2.1361935936623342e-09 1.242284400736305e-09
1542
1.9061795399144473e-09 1.1244253480705683e-09
1546
2.4730278972706082e-09 1.142796839170824e-09
1550
2.1572907908900506e-09 1.2420956478732623e-09
1554
2.3606474826894918e-09 1.0694899109389162e-09
1558
2.2612481683535054e-09 1.137174392874013e-09
1562
2.0160275346544015e-09 1.1059534424762503e-09
1566
2.027009194278607e-09 1.1773123170625956e-09
1570
2.3483695735794245e-09 1.1991864175777853e-09
1574
2.195567862112059e-09 1.1921337003636547e-09
1578
2.1232643060122056e-09 1.1215708020998012e-09
1582
2.367531004310487e-09 1.1189180831837084e-09
1586
2.2832049857613473e-09 1.1783042697565832e-09
1590
2.0362502472028883e-09 1.0962813114898674e-09
1594
2.0177132941488117e-09 9.782359388088771e-10
1598
1.810743037809475e-09 1.0997688938567189e-09
1602
2.146129981708776e-09 1.0531880149876557e-09
1606
2.268956824413726e-09 1.022213647161347e-09
1610
2.0741634597788705e-09 1.042323368094734e-09
1614
2.20985065317044e-09 9.325789829456465e-10
1618
1.9888397260697586e-09 1.076990958069289e-09
1622
2.1631427247554346e-09 1.1510749238423685e-09
1626
1.8410299005080971e-09 8.740313814996465e-10
1630
1.8037945733391467e-09 9.643612183907398e-10
1634
1.8387429855786506e-09 9.64764265816606e-10
1638
1.725032343620007e-09 9.204595704823465e-10
1642
1.7976988821882803e-09 8.770248199325146e-10
1646
1.8370703826202697e-09 9.312955917959001e-10
1650
1.813582932760796e-09 9.229475088535003e-10
1654
1.8294610768365402e-09 9.117694093132276e-10
1658
1.6123523490806248e-09 8.556422505355925e-10
1662
