0.0026012357642858155,0.00027217861001162854,0.002721574199385845,0.00013871369890565421,30
0.002266043646385143,0.00029639626275568655,0.0023090369757882484,0.00017213981376430418,34
0.002068787771099349,0.00024277323865165307,0.0021051094616749764,0.0003296706359104751,38
0.0017708288879524268,0.00036046029716336916,0.0018127685068754864,0.00023004713605414553,42
0.0017364127082633292,0.0001998707786962262,0.001580554905179833,0.00017011519182713315,46
0.0013789698329036355,0.00024170643353719958,0.001535215667602284,0.00013038078874264285,50
0.0013503635858552214,0.00013361666965043756,0.0012648379295778123,0.00015424931168438573,54
0.0013441051523342233,0.0002030637994351516,0.0012469023310820978,0.00010888146302387479,58
0.0012190295741893128,9.886042152574279e-05,0.0013184022838682516,0.00012402158571081555,62
0.0011384018191234122,0.00010376339601110476,0.0010572615304198152,0.0001117548842676291,66
0.0009623739632008265,0.00010830287070800592,0.0010721006264522383,9.869543141099264e-05,70
0.0010356938970969157,0.00012197429937248617,0.0010691385501959676,0.00017026899609433354,74
0.0009827849709736346,0.0002391434965453795,0.0008681379050517235,0.00016065252579157766,78
0.0008748218636041902,0.00010297111038209484,0.0008816924052482986,0.00012788951986966962,82
0.0007995288045568821,0.00015818929212307062,0.0008578649826761703,8.73576791190502e-05,86
0.0008070671535636673,6.176125419164573e-05,0.0008487999874954929,7.701654056949212e-05,90
0.0007674709558530843,0.00012246137431911306,0.0008319463584753889,0.00014026857877147414,94
0.0007491182953139469,8.028793661535392e-05,0.0007435959491418043,4.773148224735942e-05,98