0.10937188913550099,0.17387260299808233,0.20194127690550057,0.32091287622599163,30
0.19363643091963978,0.2999137707815111,0.254430881988982,0.30315909423715803,34
0.096182194539565,0.13807713364704993,0.11629344435865388,0.1414127739048687,38
0.15457599776884595,0.18070084277907092,0.1789344584492027,0.1345084616336491,42
0.09573648369777304,0.16780578825523715,0.17454893924169934,0.10194132661905328,46
0.08221784518962413,0.27688085519935873,0.06998745595891531,0.16290224436194747,50
0.12247458392733579,0.20872716192262988,0.3164261251812407,0.34446080514919186,54
0.01904053981283816,0.0525430669872505,0.1016949403059554,0.17092498374766213,58
0.06235949678940723,0.20982219735643878,0.15792804057496304,0.16545548527303522,62
0.23709956798173853,0.2707612675942648,0.03799743054514677,0.1573662120945441,66
0.179694904037087,0.2040498691987005,0.06976132218102299,0.3005441802141921,70
0.1694119606811787,0.19184504353921636,0.11464666261833346,0.20028596980148888,74
0.1755227047888115,0.25202457951413365,0.03343899531929211,0.09450666271409923,78
0.1632457841533244,0.22484305235132257,0.03238045966619492,0.07683321624368643,82
0.08963575163804913,0.1180616077091998,0.13628125929893797,0.1631432370141686,86
0.15478506945178738,0.19196243998712417,0.03734210972965454,0.08591948612305844,90
0.12266198392765651,0.3265595515658041,0.08893162874870852,0.17438723450846733,94
0.03627233610766745,0.06733212274031332,0.1267061803359628,0.17246476533193578,98
0.2072769100246888,0.18814727323510394,0.1367885816695611,0.13275818987477545,102
0.05394710960453948,0.10624837410021683,0.004200939149885438,0.03223852490062017,106
0.040155758957236075,0.035519096479955464,0.14004953374042675,0.19635680528553617,110
0.11985949505077449,0.15002712134889595,0.07404235298913686,0.12208060775573613,114
0.03689475611742349,0.13538496879191703,0.023759430964561977,0.17610720106682978,118
0.11071538059737719,0.10452124571788293,0.20566254179198928,0.10042502010099935,122
0.23667709539709014,0.18000778237100398,0.06101115878269016,0.14095464501405808,126
0.050423853963096885,0.11110633188641489,0.10726559694189479,0.16703094584926612,130
0.13872969867476287,0.20602127055038405,0.12808538761670032,0.14332698918859066,134
0.08110596939207397,0.05717148751244508,0.045306521244172684,0.09507200093182376,138
0.08415105153540445,0.17842575215848155,0.035295227178520766,0.041956634489230094,142
0.07739248662831785,0.19623487733453387,0.13419964553779692,0.19534071425702842,146
0.05229871817663631,0.06482787289363845,0.09384839458472422,0.15493798827061875,150
0.1030107918736296,0.15901718367821305,0.011470124740878017,0.05610765347769375,154
0.0720796298393463,0.07692190023260248,0.03913734829731016,0.09049505645067454,158
0.17483477987015913,0.191603088253873,0.08759986797560304,0.21478106421778326,162
0.029379749670956655,0.06062724117303446,0.17309674714017692,0.08852821974751343,166
0.0388249151184562,0.04175284258751244,0.07095163746768547,0.15250396349718723,170
0.16594569699149703,0.25663835342679214,0.09538529745987538,0.15220684741627696,174
0.03457970954758328,0.07117112702159839,0.02486895667137777,0.048437457031691,178
0.08277896790153484,0.14913503140443057,0.07770151377137657,0.09908958164946223,182
0.11688283439890317,0.28732843112435064,0.10054328740714691,0.17777481210245472,186
0.05713408820552843,0.12766676101789365,0.21690445518671825,0.2833368355056122,190
0.18097232162782462,0.15848334933398156,0.08759846970285746,0.17693646014787523,194
0.09318887981049687,0.13733895055931233,0.04883517811879576,0.14290411849348994,198
0.0994598697161882,0.19600628440545567,0.1780248163244717,0.1418857616478449,202
0.07458817564500064,0.11066494215844552,0.06851593574062793,0.15458858405021192,206
0.12037726511311875,0.23816033530821212,0.09821651687199753,0.11841540745743402,210
0.04884032464471384,0.12021076256027367,0.11509559924997959,0.16414661242172285,214
0.09243628144109414,0.22324725508611498,0.06548840039699881,0.10835977627323293,218
0.009585818039761922,0.018377261820232818,0.06791729149153237,0.23392539386529404,222
0.02840498995588113,0.14758654988323147,0.08137420268592585,0.15688729520684344,226
0.05366433704467238,0.15524186460395392,0.10320150048843504,0.09908489123349842,230
0.03358021455530176,0.13360759189299848,0.05993485843694277,0.09841067980826414,234
0.13917931397677294,0.1312260254733887,0.05251971966808742,0.15895390023072187,238
0.07252282065626561,0.18058841099757597,0.17098376448948777,0.11930357114729287,242
0.06832757894884087,0.14970271895029869,0.09677474953450446,0.19898832916712195,246
0.059191897594926816,0.10373318063387688,0.15069657429092279,0.295762934348108,250
0.1277461118787669,0.13554981047761794,0.09466237889390543,0.13357265822680273,254
0.06935710150305327,0.21847886718181103,0.07746664176143986,0.18029506243859442,258
0.027280481747553487,0.0755107435816305,0.09183446107475657,0.16206804741711675,262
0.138226701784952,0.17388697447882248,0.10557688706071716,0.21824081973118692,266
0.16695678220756327,0.1546234402527229,0.08006689622730054,0.1842920367640218,270
0.0241327302374841,0.040270174576308854,0.10601197096459684,0.13126945658544167,274
0.04301556569883677,0.09350059644385078,0.09357294844041919,0.14914839658165405,278
0.039936926275534634,0.07484134556408266,0.007078780858619802,0.029841734531267514,282
0.060182503918796065,0.13951794037092338,0.08545825880332475,0.17662527701821099,286
0.054793339818152764,0.13783255875360506,0.0657036304982225,0.12022622696468263,290
0.07468711674855204,0.16829166937697243,0.14657512885764842,0.2249077796972037,294
0.09503565835422914,0.11252540870745968,0.16459104058764096,0.22273219051965787,298