1.2033892408328537e-05,1.7601502829365232e-06,1.3875143362135728e-05,1.5956330104366833e-06,30
1.0794040501877926e-05,1.714333586664286e-06,1.0796653131903077e-05,3.7297746077609966e-06,34
8.984172484314674e-06,1.690262225834265e-06,8.4860463498518e-06,1.4606130542751199e-06,38
7.925592614211699e-06,1.3577969194929862e-06,6.864457095436511e-06,7.886070017520313e-07,42
6.284399108855665e-06,5.445958450317797e-07,5.513288737407878e-06,1.4392141191564967e-06,46
4.970753528599845e-06,8.741208288007489e-07,4.63011632579323e-06,1.9003445085694233e-06,50
4.618513903123475e-06,1.1510331930776645e-06,4.685476304024316e-06,9.879841889766243e-07,54
3.772897715483583e-06,9.622998996120845e-07,3.7117932210408453e-06,4.893250821190986e-07,58
3.062538076946617e-06,3.6308999359797475e-07,3.689745015945287e-06,6.73939588054903e-07,62
3.3044083493325165e-06,8.482856550801286e-07,2.8071619972960364e-06,1.1814730863051703e-06,66
2.8254250475658053e-06,9.430107083657137e-07,2.520570895474601e-06,6.113361882036301e-07,70
2.3266473359157783e-06,3.9184921433415133e-07,2.296248219883977e-06,3.116527186867901e-07,74
2.1302425413364436e-06,4.50696188018857e-07,1.9794235751306672e-06,4.2969597542455134e-07,78
1.8293056876435472e-06,2.121724909150639e-07,1.9063273551089518e-06,4.21028338669455e-07,82
1.6591881578420493e-06,2.0973164835911096e-07,1.7877692385000616e-06,3.990896625660218e-07,86
1.6666606598171106e-06,2.7347811984660174e-07,1.3845130907682253e-06,4.130396555819297e-07,90
1.5077928710093503e-06,1.8658254812093603e-07,1.4034609353316325e-06,3.7236673564717484e-07,94
1.3992542954729485e-06,3.2769132882258455e-07,1.4046502850482185e-06,4.372289088855887e-07,98
1.294320402616893e-06,3.307781753687073e-07,1.1694399930202995e-06,1.82085658008479e-07,102
1.1690956804313117e-06,1.8012354111855405e-07,1.1952968797294131e-06,2.8231896391344107e-07,106
1.147855075980958e-06,3.0306378605633916e-07,1.0872499196150254e-06,2.4069147716685425e-07,110
1.0503656883077046e-06,2.3156342454432997e-07,9.77851367269646e-07,1.5041201541278556e-07,114
9.534091080658703e-07,2.3205642536481548e-07,1.016531578956475e-06,2.3637617592346142e-07,118
9.297361859548734e-07,1.613359212909048e-07,7.659499553554667e-07,2.1126179514516938e-07,122
8.249433061646995e-07,2.0761847014129273e-07,8.446681701852691e-07,1.5738593303511383e-07,126
7.358577443780916e-07,1.4907770290999903e-07,7.827383412830721e-07,1.46419479831585e-07,130
7.469169095343518e-07,1.482927892282249e-07,7.108660931715011e-07,1.4374149456241787e-07,134
6.524108660874163e-07,1.7548370267859792e-07,5.853248275658803e-07,5.739922655056953e-08,138
5.483668653124058e-07,6.650280252717469e-08,6.101441447567197e-07,7.260746301188453e-08,142
5.708447609497216e-07,1.3418861688441465e-07,5.144263609804773e-07,1.2614909735129935e-07,146
5.191281882168501e-07,6.358412259146406e-08,5.746978114043425e-07,4.040035748034507e-08,150
5.43989395617469e-07,5.020151045907305e-08,4.764157957953413e-07,1.1348217798070416e-07,154
5.08122197653135e-07,1.1819281014282755e-07,4.3717839200847996e-07,4.2301413759408546e-08,158
4.72144672389e-07,5.6162368078494075e-08,4.4258929390488363e-07,1.028757439783204e-07,162
4.844289346327152e-07,9.929108887638572e-08,4.407254491997264e-07,5.385172756364202e-08,166
4.005232154083284e-07,4.4275445482987574e-08,4.2749706523556153e-07,8.263269787510233e-08,170
3.879798064963657e-07,4.174712505443808e-08,3.939955897058021e-07,5.7525104761412515e-08,174
3.792963275347065e-07,1.0646717957994616e-07,4.2003203986363704e-07,9.445404940409938e-08,178
3.78974627179416e-07,5.557293775176612e-08,3.581245291497802e-07,3.7852861885051055e-08,182
3.563411891802497e-07,3.5561747141380195e-08,3.563780530204555e-07,8.560253918318106e-08,186
3.1783567786945733e-07,4.554562107848923e-08,3.2328019403466714e-07,7.186000731568763e-08,190
2.898572800807249e-07,7.513422458179531e-08,3.335502023513468e-07,4.697760481661039e-08,194
2.9987744146865633e-07,6.175204507895225e-08,2.898642016075924e-07,6.144131329141374e-08,198
2.7338213201198454e-07,4.5609116759749027e-08,2.8312013639708965e-07,3.774188097533727e-08,202
2.5513345105354647e-07,5.6492024741447413e-08,3.1608745039713186e-07,7.726298897829889e-08,206
2.4886469652425316e-07,4.192268491200825e-08,2.546634485739337e-07,5.604115285040701e-08,210
2.828630068197235e-07,2.8280815376410408e-08,2.674042636575325e-07,5.257515970478734e-08,214
2.408546139402232e-07,9.012196457756248e-08,2.4322672447989744e-07,3.0314577548954606e-08,218
2.460358857350964e-07,5.486108048474785e-08,2.051426127229188e-07,3.5419635922342575e-08,222
2.3181168441795563e-07,6.384213849510097e-08,2.517793354412335e-07,3.036829638682003e-08,226
2.180580076511389e-07,1.1956385453401144e-08,2.1358078951710206e-07,3.393471993879772e-08,230
2.212237778282057e-07,8.469130790539858e-08,2.10926639597048e-07,2.4544277809922776e-08,234
2.2948375061943206e-07,1.6830654250295128e-08,1.9373960318108037e-07,4.407865123481795e-08,238
2.066230583947497e-07,4.3011069263904655e-08,1.9772949849069706e-07,3.6719578000474476e-08,242
2.27660335472285e-07,2.9589396180705766e-08,1.910269455448359e-07,4.4123084011166824e-08,246
2.035719425093629e-07,4.7025055840325664e-08,1.8413437048014043e-07,1.3798708959607943e-08,250
1.9731726422210003e-07,4.810074140468185e-08,1.9036912054003026e-07,1.8038443041854186e-08,254
1.859710057010375e-07,3.5398379753898983e-08,1.593689924807573e-07,2.1103493133165665e-08,258
1.5832569464864413e-07,2.7718543195388314e-08,1.510636196086462e-07,1.3585877374878231e-08,262
1.66390359663958e-07,3.632231502912854e-08,1.595698725751232e-07,2.9298942040017335e-08,266
1.5109407713138755e-07,2.460621948965318e-08,1.479462783920016e-07,1.9272068919332924e-08,270
1.530154252037017e-07,3.6177358439338436e-08,1.7085247595865098e-07,1.8205066677924617e-08,274
1.4779167189253545e-07,3.4802449465829485e-08,1.5969793790879924e-07,2.3794178044515252e-08,278
1.3593280005400975e-07,3.0231864589093586e-08,1.4046327057306872e-07,1.830818090580086e-08,282
1.2876584427028908e-07,3.8553787831293444e-08,1.2085431092933275e-07,1.7386285848038768e-08,286
1.4190025811557071e-07,1.853516442337654e-08,1.2383889556752006e-07,1.2028534460784214e-08,290
1.2928139842473572e-07,9.31324765471869e-09,1.2273642235932937e-07,3.3686913819028534e-08,294
1.1886222424742902e-07,1.154541580613572e-08,1.1778388357790982e-07,1.6617813576396915e-08,298