4.931146529817967e-06,4.170668471887938e-07,2.831340629065537e-06,4.28546913783622e-07,30
3.6231926967505543e-06,6.174903761345235e-07,1.9628386328498235e-06,3.137220006678453e-07,34
2.599284129785142e-06,2.3081431718895328e-07,1.2706748963366104e-06,1.6222318044864447e-07,38
1.983381902637323e-06,4.928329039695107e-07,1.0802352108320683e-06,1.537680975147088e-07,42
1.8618385877302288e-06,2.824182791948133e-07,8.338494475354744e-07,1.9044641129930822e-07,46
1.3632211996262825e-06,1.7922753524458325e-07,6.047168932482011e-07,5.5308842842569314e-08,50
1.1661476560666643e-06,1.9977700346933216e-07,4.917776745538432e-07,8.916451219154564e-08,54
8.722375037968955e-07,1.4872148327902753e-07,3.5653551793209536e-07,1.4007749643003417e-07,58
7.648278287889151e-07,2.8412333351987473e-08,2.774863315041599e-07,3.2390944891840114e-08,62
7.043406738286221e-07,1.343825273416107e-07,2.2903928477745384e-07,4.837419483570756e-08,66
5.458949697791155e-07,1.1658698171701315e-07,1.847539794429479e-07,5.0282565519613564e-08,70
5.25705583167016e-07,4.391331728838787e-08,1.7340476840310172e-07,1.5555535893275776e-08,74
4.465673003459547e-07,4.2113096443416195e-08,1.426236036808922e-07,2.457164293936559e-08,78
3.985490126510658e-07,9.504600954271553e-08,1.2365535622263324e-07,2.1287767243810943e-08,82
3.781689768413418e-07,7.328864249993524e-08,1.201504015777747e-07,3.4063737192458993e-08,86
2.9597173106536056e-07,8.125425682348977e-08,8.923509732980411e-08,1.3457768797026193e-08,90
2.929990594897918e-07,3.821297366703205e-08,7.934253511960606e-08,1.1035575632313325e-08,94
2.5949671681346584e-07,4.1629792692306414e-08,6.386583771852805e-08,1.1903029838018806e-08,98
2.49237350434763e-07,3.860955845917014e-08,6.696324590265888e-08,1.432969576904014e-08,102
2.2531277743488907e-07,2.5489706791004038e-08,6.300023930904238e-08,1.5216841229875347e-08,106
1.8996573912038938e-07,3.429342521930753e-08,4.9351352863578435e-08,7.083959425902727e-09,110
1.7057877726528462e-07,2.6549203208199696e-08,4.676261168554327e-08,4.971933345265024e-09,114
1.6336602688925476e-07,2.488969808109194e-08,3.9592293883500845e-08,6.389110103987602e-09,118
1.4027426722024492e-07,2.4690306766484312e-08,3.851588042526496e-08,1.0226114128343403e-08,122
1.3244648516037934e-07,2.2776415286072793e-08,3.334882658487699e-08,6.7012018546497085e-09,126
1.3593502668878506e-07,9.59040596116723e-09,3.3190317599654176e-08,9.578863836382886e-09,130
1.1275192603775962e-07,2.01225138678886e-08,3.061235508897597e-08,1.054638178169213e-08,134
9.31652730163209e-08,1.796534683100375e-08,2.67409648217905e-08,2.1443287742727984e-09,138
8.216661279916076e-08,7.908286467919541e-09,2.3113915129915538e-08,2.356424859696435e-09,142
8.821768044137125e-08,1.6656046150120875e-08,2.1939885318217662e-08,3.222536721169426e-09,146
8.301371570874439e-08,9.93605983931647e-09,1.9540324310364776e-08,5.195100090892154e-09,150
7.743006037756097e-08,2.3984896855921876e-08,1.8562323985343552e-08,3.322701103945415e-09,154
6.888478266894876e-08,1.2535740217454133e-08,1.801103502895974e-08,3.2318155009481057e-09,158
7.711014068355052e-08,1.4511387231789961e-08,1.6415986623508164e-08,1.6721337919452623e-09,162
6.701383298562196e-08,1.0155426365045132e-08,1.5026037667935236e-08,2.706913188097438e-09,166
6.20473204853051e-08,1.3608882427300125e-08,1.450665439662969e-08,2.2116817914418286e-09,170
5.73584049347421e-08,6.524585598935664e-09,1.4731334363985475e-08,2.637641916040781e-09,174
6.009333362034287e-08,7.133273271290597e-09,1.1506042724444847e-08,2.760166542904619e-09,178
5.165777009148962e-08,7.802603772489035e-09,1.221791050206874e-08,1.5987119805627916e-09,182
4.4605781433366046e-08,6.024612902317826e-09,1.0710703752391804e-08,7.122750062534937e-10,186
4.454498684237724e-08,3.854985848127515e-09,1.0454173614802471e-08,2.0474736982241215e-09,190
3.671142168785883e-08,5.871490302856138e-09,1.0447103760156277e-08,7.615433207974569e-10,194
3.451283219030977e-08,3.098070078545241e-09,1.0183962129114491e-08,2.732243074441182e-09,198
3.9381758954558695e-08,4.057807732005248e-09,8.749816323196154e-09,1.1626299328381155e-09,202
3.259856025328762e-08,6.461845234276497e-09,8.347439692331528e-09,1.188481086042965e-09,206
3.503697997394424e-08,9.779235706978051e-09,8.521335618029386e-09,6.708029033401304e-10,210
3.266049541970067e-08,5.422019781271324e-09,8.412421766495221e-09,1.987014583167478e-09,214
3.60910695282557e-08,8.395629967055883e-09,8.087141410190647e-09,1.4478730161602918e-09,218
2.8991112275045303e-08,3.059934811471051e-09,6.966077997428218e-09,1.9000692719330168e-09,222
2.6103402239388995e-08,3.2522325629051115e-09,6.814042621515248e-09,1.3706052714360036e-09,226
2.672319171642004e-08,6.450556365077881e-09,6.986864765116673e-09,1.7540401132751552e-09,230
2.590840968380294e-08,1.6485360288674732e-09,6.010594106316795e-09,7.570008564392189e-10,234
2.3230593258184097e-08,4.250844479813555e-09,5.920722616479046e-09,7.995998553652684e-10,238
2.3626373812155266e-08,2.8918555178797958e-09,6.765818802091122e-09,9.307492372567951e-10,242
2.132937909132601e-08,3.861373663243236e-09,5.448062859081808e-09,1.1674086565116173e-10,246
2.27535347429332e-08,2.3991625908865866e-09,5.205428235165831e-09,4.3146772284266215e-10,250
2.036753028082285e-08,3.4790355022178605e-09,4.979094143761611e-09,8.365886776308061e-10,254
1.8719479950245766e-08,3.6651174424387406e-09,5.299673346882395e-09,6.918908547315397e-10,258
1.8009934677742748e-08,4.673893125558306e-09,5.0626412761671905e-09,7.534017440734214e-10,262
1.7877179737678766e-08,2.8509555221872944e-09,3.8940544572258974e-09,6.532429697867606e-10,266
1.7315085364125717e-08,1.4039403955758126e-09,4.588239101216716e-09,5.141703306560797e-10,270
1.6829815620339345e-08,2.351908711283795e-09,4.470489689683379e-09,8.155700813532702e-10,274
1.522966353837135e-08,2.7827942829561087e-09,4.466386731963862e-09,4.903514008558847e-10,278
1.4935541404938965e-08,3.26840924355292e-09,3.951173865873965e-09,1.0051102166874475e-09,282
1.3315634448223638e-08,2.614969918315601e-09,3.938325931647534e-09,6.005851228140524e-10,286
1.4016393015220619e-08,2.974570988525907e-09,3.230538251581583e-09,5.919028753493693e-10,290
1.2961604991473998e-08,3.457563660236126e-09,3.436269614447713e-09,7.438938410213196e-10,294
1.3509238941133834e-08,1.2314120956296543e-09,3.422057906553323e-09,5.84282866478703e-10,298